#IRAS-17292-2727_flux_calibrated_x IRAS-17292-2727_flux_calibrated_y
7.308509866120467713e+00,7.413278622521602301e+00
7.317514383704093461e+00,6.248884148468555999e+00
7.326514445976506806e+00,5.300767920539697364e+00
7.335510052937706860e+00,5.764169051057272952e+00
7.344501204587695398e+00,6.769854643636366909e+00
7.353487900926471532e+00,8.437428122519083473e+00
7.362470141954034375e+00,8.891142070623637039e+00
7.371447927670385702e+00,1.142592776245135511e+01
7.380421258075524626e+00,1.133526065272376115e+01
7.389390133169451147e+00,1.194783560536519573e+01
7.398354552952164376e+00,1.287548452766356633e+01
7.407314517423666089e+00,8.834884266425126143e+00
7.416270026583955399e+00,1.052794338022709297e+01
7.425221080433032306e+00,1.027638130731986088e+01
7.434167678970895921e+00,9.144984584322029875e+00
7.443109822197548020e+00,8.523503391001675311e+00
7.452047510112986828e+00,8.581900010646863919e+00
7.460980742717214120e+00,8.969234271914574563e+00
7.469909520010229009e+00,9.676693939500172092e+00
7.478833841992031495e+00,1.033352693107892684e+01
7.487753708662620689e+00,1.097669651368792998e+01
7.496669120021998367e+00,1.130679746812240971e+01
7.505580076070162754e+00,1.139474002608476511e+01
7.514486576807115625e+00,1.237880687324721407e+01
7.523388622232856093e+00,1.249024305695123616e+01
7.532286212347383270e+00,1.339090737580893986e+01
7.541179347150699819e+00,1.360226646961919172e+01
7.550068026642802188e+00,1.341599413091186221e+01
7.558952250823693042e+00,1.207162147754918102e+01
7.567832019693370604e+00,1.177691415299461575e+01
7.576707333251837539e+00,1.088660426252125291e+01
7.585578191499090295e+00,1.127098381224900692e+01
7.594444594435131535e+00,1.155496495844599281e+01
7.603306542059959483e+00,1.239381585996161839e+01
7.612164034373575916e+00,1.296114316387897070e+01
7.621017071375979057e+00,1.327148514703574556e+01
7.629865653067171571e+00,1.452760124661992513e+01
7.638709779447149906e+00,1.444233084939846279e+01
7.647549450515916725e+00,1.477303304181651278e+01
7.656384666273471140e+00,1.523236964579523978e+01
7.665215426719813152e+00,1.564100695049128653e+01
7.674041731854941872e+00,1.498388743034818127e+01
7.682863581678859077e+00,1.360835222226685381e+01
7.691680976191562991e+00,1.250192612686029747e+01
7.700493915393055389e+00,1.148343051188062169e+01
7.709302399283335383e+00,1.102028001799999934e+01
7.718106427862402974e+00,1.091622677051135604e+01
7.726906001130257273e+00,1.094156937116717287e+01
7.735701119086900057e+00,1.062772943117695945e+01
7.744491781732330438e+00,1.127349570149720037e+01
7.753277989066548415e+00,1.190538906219884652e+01
7.762059741089553988e+00,1.176678931087077906e+01
7.770837037801347158e+00,1.077638691395734938e+01
7.779609879201927924e+00,1.215959815336064409e+01
7.788378265291294511e+00,1.140090866977894635e+01
7.797142196069450470e+00,1.085640098362565809e+01
7.805901671536394915e+00,1.162726174714993732e+01
7.814656691692125179e+00,1.199351695878837454e+01
7.823407256536643040e+00,1.259001224509862560e+01
7.832153366069949385e+00,1.259267025008181307e+01
7.840895020292044215e+00,1.353287863116934275e+01
7.849632219202925754e+00,1.403347816968172523e+01
7.858364962802594000e+00,1.376306160966368175e+01
7.867093251091050732e+00,1.482143772438345763e+01
7.875817084068294172e+00,1.470722857949300888e+01
7.884536461734326096e+00,1.469008154353519124e+01
7.893251384089145617e+00,1.574855674503379888e+01
7.901961851132752734e+00,1.600518874212414389e+01
7.910667862865146560e+00,1.612315706248805824e+01
7.919369419286329759e+00,1.449816577880434565e+01
7.928066520396298777e+00,1.405564558699339983e+01
7.936759166195057169e+00,1.347581651145570980e+01
7.945447356682601381e+00,1.294706009353591192e+01
7.954131091858933189e+00,1.200181437619868774e+01
7.962810371724052594e+00,1.240594951911957722e+01
7.971485196277961371e+00,1.221984526861997722e+01
7.980155565520656857e+00,1.197466169434556882e+01
7.988821479452139052e+00,1.216115052889292159e+01
7.997482938072408842e+00,1.280430323987249963e+01
8.006139941381468006e+00,1.338980831185734921e+01
8.014792489379313878e+00,1.392834831292696585e+01
8.023440582065946458e+00,1.455976815664394763e+01
8.032084219441367523e+00,1.501979668402901069e+01
8.040723401505575296e+00,1.539435964323325834e+01
8.049358128258571554e+00,1.586066354646020926e+01
8.057988399700354520e+00,1.603903949250335614e+01
8.066614215830927748e+00,1.569104405786032785e+01
8.075235576650285907e+00,1.604640151897089595e+01
8.083852482158432551e+00,1.555427247775111965e+01
8.092464932355365903e+00,1.571400373069112888e+01
8.101072927241087740e+00,1.510675001543091156e+01
8.109676466815598062e+00,1.532941806354171810e+01
8.118275551078895091e+00,1.506328048146531806e+01
8.126870180030978830e+00,1.511358369675318514e+01
8.135460353671851053e+00,1.498700930438044132e+01
8.144046072001509984e+00,1.566821749179174894e+01
8.152627335019957400e+00,1.583745052910495055e+01
8.161204142727193300e+00,1.630884797422631749e+01
8.169776495123214133e+00,1.646587456840779140e+01
8.178344392208025226e+00,1.688295699978672104e+01
8.186907833981621252e+00,1.649615923819816032e+01
8.195466820444007539e+00,1.640301244880897968e+01
8.204021351595180533e+00,1.589153700084474963e+01
8.212571427435140237e+00,1.593763287097664438e+01
8.221117047963888425e+00,1.562704276974343820e+01
8.229658213181425097e+00,1.551181939105860508e+01
8.238194923087748478e+00,1.523044506044246837e+01
8.246727177682858567e+00,1.555050259188314854e+01
8.255254976966757141e+00,1.541038406922564796e+01
8.263778320939442423e+00,1.552257006949036899e+01
8.272297209600917967e+00,1.546550766509287911e+01
8.280811642951176665e+00,1.546197467437231587e+01
8.289321620990225625e+00,1.530368602913330811e+01
8.297827143718063070e+00,1.551652582939067138e+01
8.306328211134687223e+00,1.546015700091440870e+01
8.314824823240098084e+00,1.556913798097071577e+01
8.323316980034297430e+00,1.577847699031485185e+01
8.331804681517285260e+00,1.601086597421265623e+01
8.340287927689059799e+00,1.603161548526752256e+01
8.348766718549621046e+00,1.611112987391650364e+01
8.357241054098970778e+00,1.604628882522713695e+01
8.365710934337108995e+00,1.607274175948478501e+01
8.374176359264032143e+00,1.607698505713204540e+01
8.382637328879745553e+00,1.593090498938128086e+01
8.391093843184243894e+00,1.597900781896198197e+01
8.399545902177532497e+00,1.565851150658031266e+01
8.407993505859606032e+00,1.580358653900333188e+01
8.416436654230469827e+00,1.562162668301637147e+01
8.424875347290120331e+00,1.573619041907198302e+01
8.433309585038559320e+00,1.549538587263274003e+01
8.441739367475783240e+00,1.564401192149874831e+01
8.450164694601797422e+00,1.533450364968926039e+01
8.458585566416598311e+00,1.537886463145495064e+01
8.467001982920185910e+00,1.486083270470298956e+01
8.475413944112563769e+00,1.510560175525432847e+01
8.483821449993726560e+00,1.495032913258715190e+01
8.492224500563676060e+00,1.509300042586922785e+01
8.500623095822415820e+00,1.499591047709601987e+01
8.509017235769940513e+00,1.494776883938144962e+01
8.517406920406255466e+00,1.488730180180846929e+01
8.525792149731357128e+00,1.477337724260912033e+01
8.534172923745247274e+00,1.478610955859224063e+01
8.542549242447924129e+00,1.458056726751354937e+01
8.550921105839387693e+00,1.470507118579227956e+01
8.559288513919639740e+00,1.470658563462465551e+01
8.567651466688678497e+00,1.461418730173813962e+01
8.576009964146505737e+00,1.457841914196177058e+01
8.584364006293121463e+00,1.463604241249801596e+01
8.592713593128523897e+00,1.456369715772403239e+01
8.601058724652713039e+00,1.465774385043386729e+01
8.609399400865690666e+00,1.475222361742087607e+01
8.617735621767455001e+00,1.453460629022580974e+01
8.626067387358007821e+00,1.450038841614767371e+01
8.634394697637349125e+00,1.447644821812409965e+01
8.642717552605477138e+00,1.438383389022380676e+01
8.651035952262393636e+00,1.441481721839058139e+01
8.659349896608095065e+00,1.437729324761114391e+01
8.667659385642584979e+00,1.427176768177048771e+01
8.675964419365863378e+00,1.435078773570099386e+01
8.684264997777930262e+00,1.384146159917741059e+01
8.692561120878783854e+00,1.396151608818426659e+01
8.700852788668425930e+00,1.332476860264094576e+01
8.709140001146852939e+00,1.383916280966616164e+01
8.717422758314070208e+00,1.318576516313382463e+01
8.725701060170072410e+00,1.364661047096940116e+01
8.733974906714864872e+00,1.259879376078039392e+01
8.742244297948442266e+00,1.335775593184142629e+01
8.750509233870811698e+00,1.307531311520303419e+01
8.758769714481964286e+00,1.339528654510608163e+01
8.767025739781905358e+00,1.277808354499843979e+01
8.775277309770636691e+00,1.278076133462695019e+01
8.783524424448152956e+00,1.246694020324094154e+01
8.791767083814457706e+00,1.283565182321318510e+01
8.800005287869550941e+00,1.249125723619732220e+01
8.808239036613429107e+00,1.256045289052321223e+01
8.816468330046097535e+00,1.215432750486602664e+01
8.824693168167552670e+00,1.228577122944692768e+01
8.832913550977794515e+00,1.194033517423729052e+01
8.841129478476824843e+00,1.213793871981368078e+01
8.849340950664643657e+00,1.202263380765630707e+01
8.857547967541249179e+00,1.212786559063293801e+01
8.865750529106641409e+00,1.183429550338233227e+01
8.873948635360822124e+00,1.150492885401584431e+01
8.882142286303789547e+00,1.102840670467217521e+01
8.890331481935547231e+00,1.092320274756381338e+01
8.898516222256089847e+00,1.073954053887157656e+01
8.906696507265420948e+00,1.092107699942046573e+01
8.914872336963538757e+00,1.062523286888630203e+01
8.923043711350446827e+00,1.064361040979032147e+01
8.931210630426138053e+00,1.034929632500800167e+01
8.939373094190619540e+00,1.025203624813059555e+01
8.947531102643889511e+00,1.003595218949256385e+01
8.955684655785946191e+00,1.005098328605542335e+01
8.963833753616791356e+00,9.467429999324808776e+00
8.971978396136423228e+00,1.003143272163334920e+01
8.980118583344841809e+00,9.068512636122678217e+00
8.988254315242048875e+00,9.137422230031084780e+00
8.996385591828044426e+00,8.445566979972191746e+00
9.004512413102824908e+00,8.614744141515256359e+00
9.012634779066395652e+00,8.354372353602407486e+00
9.020752689718753103e+00,8.477311425104264941e+00
9.028866145059897264e+00,8.294991345745490463e+00
9.036975145089829908e+00,8.347817306144261096e+00
9.045079689808549261e+00,7.994880912913725268e+00
9.053179779216058876e+00,8.085400251248193726e+00
9.061275413312353422e+00,7.735374584463570180e+00
9.069366592097436452e+00,7.601224778344558786e+00
9.077453315571306192e+00,7.371253888387951037e+00
9.085535583733966192e+00,7.340168004496684162e+00
9.093613396585411124e+00,7.173857612922057037e+00
9.101686754125644541e+00,7.187258487401718021e+00
9.109755656354666442e+00,6.760849094987200658e+00
9.117820103272473276e+00,6.910252541642136315e+00
9.125880094879070370e+00,6.659637918869272255e+00
9.133935631174454173e+00,6.612966632252017085e+00
9.141986712158624684e+00,6.475131057817950619e+00
9.150033337831583680e+00,6.376524665321305463e+00
9.158075508193331160e+00,6.255529153155759303e+00
9.166113223243865349e+00,6.127319364701571125e+00
9.174146482983186246e+00,6.034309651026473098e+00
9.182175287411295628e+00,5.976196049441075964e+00
9.190199636528193494e+00,5.860906533523767337e+00
9.198219530333878069e+00,5.747998037157928231e+00
9.206234968828349352e+00,5.559115119285933382e+00
9.214245952011609120e+00,5.633779782138773840e+00
9.222252479883657372e+00,5.277895760704670813e+00
9.230254552444490557e+00,5.441061506837692185e+00
9.238252169694114002e+00,5.122600771929194607e+00
9.246245331632524156e+00,5.194176359544138144e+00
9.254234038259721018e+00,5.050731175110634297e+00
9.262218289575708141e+00,5.212576452151636452e+00
9.270198085580480196e+00,5.135810876223037447e+00
9.278173426274040736e+00,5.052470372077761951e+00
9.286144311656389760e+00,5.020682082774272637e+00
9.294110741727525493e+00,4.978446580941136901e+00
9.302072716487447934e+00,5.032573486319119382e+00
9.310030235936158860e+00,4.966119380204172984e+00
9.317983300073658270e+00,4.907409095947615540e+00
9.325931908899944389e+00,4.855857465798703920e+00
9.333876062415017216e+00,4.846946377759081770e+00
9.341815760618878528e+00,4.744653512337534629e+00
9.349751003511526548e+00,4.913406716851538292e+00
9.357681791092963053e+00,4.797699826757751751e+00
9.365608123363186266e+00,4.738009107805778442e+00
9.373530000322199740e+00,4.699170843385031660e+00
9.381447421969998146e+00,4.737875807531206185e+00
9.389360388306585037e+00,4.653242749947926526e+00
9.397268899331960412e+00,4.741698730505217618e+00
9.405172955046122496e+00,4.432815548368632008e+00
9.413072555449071288e+00,4.377475315597131988e+00
9.420967700540808565e+00,4.335615516492167920e+00
9.428858390321334326e+00,4.404549259467641420e+00
9.436744624790645020e+00,4.204334020251713433e+00
9.444626403948745974e+00,4.097293790397976032e+00
9.452503727795633637e+00,4.125843741365241790e+00
9.460376596331309784e+00,4.142407207197107866e+00
9.468245009555770864e+00,4.219772702733035175e+00
9.476108967469022204e+00,4.143270649721127796e+00
9.483968470071060253e+00,3.683987203253164644e+00
9.491823517361885010e+00,4.036507516016315300e+00
9.499674109341500028e+00,3.528297955344323444e+00
9.507520246009899978e+00,3.646618622269856669e+00
9.515361927367088413e+00,3.825955298197791787e+00
9.523199153413065332e+00,3.720839075837807819e+00
9.531031924147828960e+00,3.727289236738922540e+00
9.538860239571381072e+00,3.859643799825487331e+00
9.546684099683718117e+00,3.907176485466552496e+00
9.554503504484843646e+00,4.198359278264120142e+00
9.562318453974759436e+00,4.368156408133827995e+00
9.570128948153460158e+00,4.646327219410061105e+00
9.577934987020949364e+00,4.423375748751034564e+00
9.585736570577227056e+00,4.775060463303471003e+00
9.593533698822291456e+00,4.776891639840777692e+00
9.601326371756142564e+00,4.704057542516654422e+00
9.609114589378782156e+00,4.197486832532108636e+00
9.616898351690210234e+00,3.944477258435602707e+00
9.624677658690425019e+00,3.694876181668520054e+00
9.632452510379426514e+00,3.762063574167906488e+00
9.640222906757216492e+00,3.723517537480848461e+00
9.647988847823794956e+00,3.629598605190995197e+00
9.655750333579158351e+00,3.777644435398826328e+00
9.663507364023312007e+00,3.654573866442143881e+00
9.671259939156254148e+00,3.615799725935096021e+00
9.679008058977981221e+00,3.902912604494020332e+00
9.686751723488496779e+00,3.940484088842088894e+00
9.694490932687799045e+00,4.115825406780540874e+00
9.702225686575889796e+00,3.959613216148222037e+00
9.709955985152769031e+00,3.798040155735156187e+00
9.717681828418434975e+00,3.810435261493527737e+00
9.725403216372887627e+00,3.856200578455707184e+00
9.733120149016128764e+00,3.861687740255502987e+00
9.740832626348158385e+00,3.868865994996864011e+00
9.748540648368974715e+00,3.782390324564699036e+00
9.756244215078579529e+00,3.761775026801850164e+00
9.763943326476969276e+00,3.828671318542577584e+00
9.771637982564149283e+00,3.756484611737584078e+00
9.779328183340114222e+00,3.754448154879117538e+00
9.787013928804869423e+00,3.835634310021397653e+00
9.794695218958413108e+00,3.562951791006934155e+00
9.802372053800741725e+00,3.721728540467836410e+00
9.810044433331858826e+00,3.657890317860519769e+00
9.817712357551764413e+00,3.830991416571150499e+00
9.825375826460454931e+00,3.775538878520241504e+00
9.833034840057935710e+00,3.770736457765711425e+00
9.840689398344203198e+00,3.645964547735561556e+00
9.848339501319259170e+00,3.928467349660751839e+00
9.855985148983101851e+00,3.652343325439534993e+00
9.863626341335733017e+00,3.830318778201868835e+00
9.871263078377149114e+00,3.741927336190443043e+00
9.878895360107353696e+00,3.825295439044273937e+00
9.886523186526348539e+00,3.730945147539529660e+00
9.894146557634128314e+00,3.937577241454711885e+00
9.901765473430696574e+00,3.827150211176554073e+00
9.909379933916053318e+00,3.943832673619612983e+00
9.916989939090196771e+00,3.976787977929125972e+00
9.924595488953126932e+00,3.997553562064438015e+00
9.932196583504845577e+00,4.083536939549714972e+00
9.939793222745352708e+00,4.146087753551766397e+00
9.947385406674646546e+00,4.171890139606322379e+00
9.954973135292728870e+00,4.252627697838902598e+00
9.962556408599596125e+00,4.206594996470406578e+00
9.970135226595253641e+00,4.316876671226363094e+00
9.977709589279699642e+00,4.497293995796112220e+00
9.985279496652930575e+00,4.419950148720806382e+00
9.992844948714949993e+00,4.530657966476980825e+00
1.000040594546575790e+01,4.470849127617379182e+00
1.000796248690535073e+01,4.594692998653847837e+00
1.001551457303373383e+01,4.538144590210343665e+00
1.002306220385090363e+01,4.604684989166111464e+00
1.003060537935686014e+01,4.528471949317268042e+00
1.003814409955160691e+01,4.592970445828885140e+00
1.004567836443513862e+01,4.665985488034880113e+00
1.005320817400746058e+01,4.806954635613045035e+00
1.006073352826856748e+01,4.681918160428054421e+00
1.006825442721846287e+01,4.723140054735790017e+00
1.007577087085714496e+01,4.754429477725545361e+00
1.008328285918461553e+01,4.723391246950123801e+00
1.009079039220087459e+01,4.717847595671332606e+00
1.009829346990592036e+01,4.818498143323859395e+00
1.010579209229975461e+01,4.742159037125238008e+00
1.011328625938237558e+01,4.854687926264353415e+00
1.012077597115378325e+01,4.741692816135387289e+00
1.012826122761397940e+01,4.795499577996952922e+00
1.013574202876296404e+01,4.829737043419478404e+00
1.014321837460073539e+01,4.882948913367534338e+00
1.015069026512729522e+01,4.882330173668045781e+00
1.015815770034263998e+01,4.958692053949896206e+00
1.016562068024677323e+01,4.896016690812031058e+00
1.017307920483969674e+01,5.020887240440921495e+00
1.018053327412140519e+01,4.931164610334119125e+00
1.018798288809190211e+01,5.025546802127061952e+00
1.019542804675118752e+01,5.068110469843267296e+00
1.020286875009925964e+01,5.154424102241879524e+00
1.021030499813611847e+01,4.862204588571158226e+00
1.021773679086176578e+01,5.299255379161669666e+00
1.022516412827620158e+01,4.843325994486242791e+00
1.023258701037942586e+01,5.213532392027273588e+00
1.024000543717143508e+01,4.959774399511724496e+00
1.024741940865223278e+01,5.276642205668078844e+00
1.025482892482181718e+01,5.200586178523134429e+00
1.026223398568019007e+01,5.253967405067269780e+00
1.026963459122735145e+01,5.105809759231412670e+00
1.027703074146329953e+01,5.418119745913517527e+00
1.028442243638803433e+01,5.406073196671620451e+00
1.029180967600155938e+01,5.623960295750668692e+00
1.029919246030386937e+01,5.501287058237877226e+00
1.030657078929496784e+01,5.554957374894117450e+00
1.031394466297485479e+01,5.403193341820010431e+00
1.032131408134352846e+01,5.483591631448695658e+00
1.032867904440099061e+01,5.295753758351211538e+00
1.033603955214723769e+01,5.424972836779761387e+00
1.034339560458227503e+01,5.523627048897487235e+00
1.035074720170609908e+01,5.591449286847285371e+00
1.035809434351871161e+01,5.550409991298222323e+00
1.036543703002011085e+01,5.519008212385884349e+00
1.037277526121029680e+01,5.474605481204938506e+00
1.038010903708927302e+01,5.551955234408409545e+00
1.038743835765703416e+01,5.510632834304270311e+00
1.039476322291358379e+01,5.739327756755868037e+00
1.040208363285892190e+01,5.471311027879817601e+00
1.040939958749304672e+01,5.588970814477031368e+00
1.041671108681595825e+01,5.550037912900489090e+00
1.042401813082765827e+01,5.651665021090359176e+00
1.043132071952814677e+01,5.561317978611823420e+00
1.043861885291742198e+01,5.766470551959233859e+00
1.044591253099548567e+01,5.489601828142217421e+00
1.045320175376233607e+01,6.072175281169641003e+00
1.046048652121797495e+01,5.530182143952816709e+00
1.046776683336240055e+01,5.953931891884145955e+00
1.047504269019561285e+01,5.435182464491300713e+00
1.048231409171761541e+01,5.855736202216117903e+00
1.048958103792840291e+01,5.849392395109264342e+00
1.049684352882797889e+01,5.997204255805367090e+00
1.050410156441634335e+01,5.750654049991829275e+00
1.051135514469349452e+01,5.849968328509238980e+00
1.051860426965943240e+01,5.986219832686476394e+00
1.052584893931415877e+01,6.137940717291456849e+00
1.053308915365767362e+01,5.965043777093089084e+00
1.054032491268997518e+01,5.966215518667880247e+00
1.054755621641106345e+01,5.901077392427534818e+00
1.055478306482094020e+01,6.015717305383695646e+00
1.056200545791960721e+01,6.096202361318338703e+00
1.056922339570705738e+01,6.203898293424145116e+00
1.057643687818329781e+01,6.022095973105425770e+00
1.058364590534832494e+01,6.101931063404471445e+00
1.059085047720213879e+01,6.061296293638416266e+00
1.059805059374474112e+01,6.121879108604065145e+00
1.060524625497613194e+01,6.134516082771585666e+00
1.061243746089630946e+01,6.225439900660155068e+00
1.061962421150527547e+01,6.199776572897035543e+00
1.062680650680302641e+01,6.175344558246848692e+00
1.063398434678956761e+01,6.093873673361013488e+00
1.064115773146489730e+01,6.143354709421019244e+00
1.064832666082901191e+01,6.077380007462562794e+00
1.065549113488191502e+01,6.127440262483072608e+00
1.066265115362360483e+01,6.088616472372852861e+00
1.066980671705408490e+01,6.339444514296793010e+00
1.067695782517335168e+01,5.962507622590391243e+00
1.068410447798140517e+01,6.505065377811436456e+00
1.069124667547824536e+01,5.989806702670720462e+00
1.069838441766387405e+01,6.210618712045527623e+00
1.070551770453829121e+01,5.976620978714443311e+00
1.071264653610149509e+01,6.536167310428770527e+00
1.071977091235348745e+01,6.261415520754114894e+00
1.072689083329426651e+01,6.522143077233545583e+00
1.073400629892383407e+01,6.350915437330104218e+00
1.074111730924218655e+01,6.558821686774439996e+00
1.074822386424932930e+01,6.325651442854912432e+00
1.075532596394525875e+01,6.609970881589486424e+00
1.076242360832997669e+01,6.543800794095654183e+00
1.076951679740348133e+01,6.520097094773398716e+00
1.077660553116577447e+01,6.504588025214450120e+00
1.078368980961685430e+01,6.853821581712034927e+00
1.079076963275672085e+01,6.433509661086280751e+00
1.079784500058537589e+01,6.748582141334829920e+00
1.080491591310281940e+01,6.685492177834842842e+00
1.081198237030904963e+01,6.907982663215598507e+00
1.081904437220406834e+01,6.709805805819765823e+00
1.082610191878787376e+01,6.750006119206120481e+00
1.083315501006046588e+01,6.700281860608685136e+00
1.084020364602184827e+01,6.955623448950913890e+00
1.084724782667201559e+01,6.995605167023335902e+00
1.085428755201097140e+01,6.992589959333775695e+00
1.086132282203871569e+01,6.823936259974087370e+00
1.086835363675524668e+01,7.169014580575285400e+00
1.087537999616056439e+01,6.925003663189171377e+00
1.088240190025467236e+01,6.984028273315532331e+00
1.088941934903756525e+01,6.797231356912330824e+00
1.089643234250924664e+01,7.021586273882463480e+00
1.090344088066971651e+01,6.674311973119484875e+00
1.091044496351897308e+01,7.276569289180701006e+00
1.091744459105701814e+01,6.685757285417293971e+00
1.092443976328384814e+01,6.963923070178908326e+00
1.093143048019946839e+01,6.802941552556453608e+00
1.093841674180387713e+01,7.148411586716338029e+00
1.094539854809707080e+01,6.993587179948181465e+00
1.095237589907905296e+01,7.159509715226365145e+00
1.095934879474982360e+01,6.985872565099072062e+00
1.096631723510938095e+01,7.079311892287374341e+00
1.097328122015772500e+01,7.100882125625714636e+00
1.098024074989485932e+01,7.426353674824873075e+00
1.098719582432077857e+01,7.222019833021176893e+00
1.099414644343548808e+01,7.289182886209242263e+00
1.100109260723898252e+01,7.096286071965303144e+00
1.100803431573126545e+01,7.328446724153249825e+00
1.101497156891233686e+01,7.366357087837951845e+00
1.102190436678219498e+01,7.379429504495838898e+00
1.102883270934084159e+01,7.306485805048429150e+00
1.103575659658827490e+01,7.424680355168882251e+00
1.104267602852449670e+01,7.408908032526976939e+00
1.104959100514950521e+01,7.488774584109176402e+00
1.105650152646330042e+01,7.405523505538284645e+00
1.106340759246588412e+01,7.559614892781441498e+00
1.107030920315725631e+01,7.211879387112769102e+00
1.107720635853741520e+01,7.495480582277964210e+00
1.108409905860636258e+01,7.291922307976110851e+00
1.109098730336409666e+01,7.392392061549520221e+00
1.109787109281061745e+01,7.635470420383482448e+00
1.110475042694592851e+01,7.514470707797734406e+00
1.111162530577002450e+01,7.450799756065471513e+00
1.111849572928290897e+01,7.758529980476406074e+00
1.112536169748458192e+01,7.151520079274735764e+00
1.113222321037504159e+01,8.042796980503064574e+00
1.113908026795428796e+01,7.256613739856756951e+00
1.114593287022232460e+01,7.702193169785881643e+00
1.115278101717914616e+01,7.185158471152226944e+00
1.115962470882475799e+01,7.777189929184611827e+00
1.116646394515915475e+01,7.701443080966652310e+00
1.117329872618233999e+01,7.857318324631443751e+00
1.118012905189431372e+01,7.694309865651296043e+00
1.118695492229507416e+01,7.804894405532659896e+00
1.119377633738462308e+01,7.712295306551141927e+00
1.120059329716295871e+01,8.104767853931443611e+00
1.120740580163008104e+01,7.789567495850941548e+00
1.121421385078599364e+01,7.861280564844610907e+00
1.122101744463069295e+01,7.745460871652216639e+00
1.122781658316417719e+01,8.065760529862542327e+00
1.123461126638645169e+01,7.992096499515513486e+00
1.124140149429751290e+01,8.129062797346918501e+00
1.124818726689736259e+01,8.044304572818527177e+00
1.125496858418599899e+01,8.264607436190123835e+00
1.126174544616342388e+01,8.201458287241059963e+00
1.126851785282963547e+01,8.447107722089244319e+00
1.127528580418463378e+01,8.288884079228223456e+00
1.128204930022842056e+01,8.580335961348806606e+00
1.128880834096099584e+01,8.588260597392816109e+00
1.129556292638235782e+01,8.743148436923705802e+00
1.130231305649250828e+01,8.893563150843943887e+00
1.130905873129144723e+01,9.274625494600643449e+00
1.131579995077917111e+01,8.853635024750051485e+00
1.132253671495568348e+01,8.885647400865657630e+00
1.132926902382098433e+01,8.713740341425841862e+00
1.133599687737507189e+01,9.184867146647315295e+00
1.134272027561794616e+01,8.537643470645425836e+00
1.134943921854961069e+01,9.807912134452656971e+00
1.135615370617006192e+01,9.030011420521354637e+00
1.136286373847929809e+01,9.186073569091361080e+00
1.136956931547732452e+01,8.702450113457963710e+00
1.137627043716413944e+01,9.256482767162506065e+00
1.138296710353973928e+01,9.451842694263145717e+00
1.138965931460412762e+01,9.854865836180669803e+00
1.139634707035730443e+01,9.349063459796830955e+00
1.140303037079926796e+01,9.712172809919035643e+00
1.140970921593001997e+01,9.560144932458884526e+00
1.141638360574955868e+01,1.027862577917511366e+01
1.142305354025788589e+01,1.011433688858101476e+01
1.142971901945499802e+01,1.003992159186970845e+01
1.143638004334090041e+01,1.015254131255318981e+01
1.144303661191559129e+01,1.016710788455825387e+01
1.144968872517906711e+01,1.003244393578654936e+01
1.145633638313133318e+01,1.059864435191662047e+01
1.146297958577238418e+01,1.052887304979675420e+01
1.146961833310222367e+01,1.082106482574293693e+01
1.147625262512085165e+01,1.081073570134099349e+01
1.148288246182826633e+01,1.105448479435318276e+01
1.148950784322446772e+01,1.104059929992926214e+01
1.149612876930945937e+01,1.101708420937297106e+01
1.150274524008323773e+01,1.115387307699944763e+01
1.150935725554580280e+01,1.165004685813378771e+01
1.151596481569715635e+01,1.143051770304172798e+01
1.152256792053729662e+01,1.167745810868444067e+01
1.152916657006622536e+01,1.122044135497296580e+01
1.153576076428394082e+01,1.137682607603328755e+01
1.154235050319044298e+01,1.151274836987128758e+01
1.154893578678573540e+01,1.144933062004590951e+01
1.155551661506981276e+01,1.161686343628537621e+01
1.156209298804267860e+01,1.301810241789247158e+01
1.156866490570433292e+01,1.144048140275387837e+01
1.157523236805477396e+01,1.258581779834769421e+01
1.158179537509400348e+01,1.160054930661029360e+01
1.158835392682201970e+01,1.242245599319842064e+01
1.159490802323882264e+01,1.214625939122355192e+01
1.160145766434441583e+01,1.237072333677413027e+01
1.160800285013879574e+01,1.216552535907424648e+01
1.161454358062196057e+01,1.273486122258417197e+01
1.162107985579391567e+01,1.258760721417549178e+01
1.162761167565465925e+01,1.287503536581630570e+01
1.163413904020418776e+01,1.247091735079096431e+01
1.164066194944250476e+01,1.257408692075464174e+01
1.164718040336961025e+01,1.196823254761657473e+01
1.165369440198550244e+01,1.265432045351889911e+01
1.166020394529018311e+01,1.246176670581368384e+01
1.166670903328365050e+01,1.269284754157954964e+01
1.167320966596590637e+01,1.269265681936463430e+01
1.167970584333694894e+01,1.265437126594530604e+01
1.168619756539678001e+01,1.211884105268685197e+01
1.169268483214539600e+01,1.274076644071205422e+01
1.169916764358280403e+01,1.254988133170398790e+01
1.170564599970899700e+01,1.356131480269836054e+01
1.171211990052397667e+01,1.335721731593216788e+01
1.171858934602774660e+01,1.343615052832684320e+01
1.172505433622030324e+01,1.284845533521492555e+01
1.173151487110164481e+01,1.305980324889632627e+01
1.173797095067177665e+01,1.325832207972257315e+01
1.174442257493069519e+01,1.313988859778295470e+01
1.175086974387840222e+01,1.326539067964831098e+01
1.175731245751489595e+01,1.329622331510045363e+01
1.176375071584017817e+01,1.339999253104510402e+01
1.177018451885424710e+01,1.365405363867528621e+01
1.177661386655710452e+01,1.339600278680430812e+01
1.178303875894874864e+01,1.391909914995534692e+01
1.178945919602918124e+01,1.307071113477169888e+01
1.179587517779840056e+01,1.408212904889875183e+01
1.180228670425640658e+01,1.380272728340963617e+01
1.180869377540320286e+01,1.406003915319646147e+01
1.181509639123878408e+01,1.393968676481497582e+01
1.182149455176315378e+01,1.502938189036704841e+01
1.182788825697631196e+01,1.397334885126310766e+01
1.183427750687825863e+01,1.490606400510924168e+01
1.184066230146899201e+01,1.426203836058713925e+01
1.184704264074851210e+01,1.387248592524978896e+01
1.185341852471681889e+01,1.403314298049378017e+01
1.185978995337391417e+01,1.457508474263260112e+01
1.186615692671979794e+01,1.414703929675687100e+01
1.187251944475446841e+01,1.460301608445468524e+01
1.187887750747792737e+01,1.418642907790038521e+01
1.188523111489017303e+01,1.471841192941769272e+01
1.189158026699120718e+01,1.413105045805597193e+01
1.189792496378102804e+01,1.440219773254080948e+01
1.190426520525963738e+01,1.483445113343326760e+01
1.191060099142703343e+01,1.494783673030853421e+01
1.191693232228321797e+01,1.542753887612474095e+01
1.192325919782818922e+01,1.562442386369938774e+01
1.192958161806194894e+01,1.541525837480660321e+01
1.193589958298449361e+01,1.599701011739522905e+01
1.194221309259583030e+01,1.510590500796687330e+01
1.194852214689595193e+01,1.515847968037267712e+01
1.195482674588486027e+01,1.576199515115517258e+01
1.196112688956255887e+01,1.581159352960749942e+01
1.196742257792904418e+01,1.454219159212179235e+01
1.197371381098431442e+01,1.682319647776888516e+01
1.198000058872837492e+01,1.505303593557843200e+01
1.198628291116122391e+01,1.550395043143592311e+01
1.199256077828285960e+01,1.485534333403863627e+01
1.199883419009328200e+01,1.613096643967887189e+01
1.200510314659249111e+01,1.576828714252710739e+01
1.201136764778048871e+01,1.656129389138800789e+01
1.201762769365727479e+01,1.509811294198882337e+01
1.202388328422284758e+01,1.571288936517786183e+01
1.203013441947720885e+01,1.579562388528876760e+01
1.203638109942035683e+01,1.642005181002845404e+01
1.204262332405229330e+01,1.647033755748029904e+01
1.204886109337301647e+01,1.603835310684750226e+01
1.205509440738252813e+01,1.616402834540058109e+01
1.206132326608082650e+01,1.686708939585233225e+01
1.206754766946791335e+01,1.619983698044952902e+01
1.207376761754378691e+01,1.641283808259581889e+01
1.207998311030844896e+01,1.609625505025636016e+01
1.208619414776189771e+01,1.636740896622167440e+01
1.209240072990413495e+01,1.649385459424730627e+01
1.209860285673515889e+01,1.678902756650887440e+01
1.210480052825496955e+01,1.705436455418793784e+01
1.211099374446357047e+01,1.780341696926106110e+01
1.211718250536095809e+01,1.708521697523748273e+01
1.212336681094713242e+01,1.738938888987971865e+01
1.212954666122209524e+01,1.674409814979085809e+01
1.213572205618584476e+01,1.696397874029283770e+01
1.214189299583838277e+01,1.661096805726349501e+01
1.214805948017970749e+01,1.757991813860008534e+01
1.215422150920982070e+01,1.649298273704965823e+01
1.216037908292872061e+01,1.736318231900810005e+01
1.216653220133640900e+01,1.678478687236401967e+01
1.217268086443288411e+01,1.750488181107669661e+01
1.217882507221814770e+01,1.631078864135890072e+01
1.218496482469219799e+01,1.727629272837153351e+01
1.219110012185503678e+01,1.590995072206314909e+01
1.219723096370666227e+01,1.619867293046208090e+01
1.220335735024707446e+01,1.734114703426421045e+01
1.220947928147627692e+01,1.831074902571921115e+01
1.221559675739426609e+01,1.755254327809720039e+01
1.222170977800104019e+01,1.828400607957174273e+01
1.222781834329660455e+01,1.723471309393931250e+01
1.223392245328095740e+01,1.714613642437733532e+01
1.224002210795409695e+01,1.687588236837610722e+01
1.224611730731602321e+01,1.693369859882978190e+01
1.225220805136673796e+01,1.746742293733059981e+01
1.225829434010623764e+01,1.773424650432266247e+01
1.226437617353452758e+01,1.774585272431043137e+01
1.227045355165160423e+01,1.833250793595424355e+01
1.227652647445746936e+01,1.742026421598278318e+01
1.228259494195212120e+01,1.801263581713642381e+01
1.228865895413556153e+01,1.708277149968309061e+01
1.229471851100778856e+01,1.787326024159234450e+01
1.230077361256880586e+01,1.819744315032119530e+01
1.230682425881860809e+01,1.860258204125995007e+01
1.231287044975719880e+01,1.866809795808635286e+01
1.231891218538457622e+01,1.817940359327563371e+01
1.232494946570074035e+01,1.792292747501805295e+01
1.233098229070569296e+01,1.809904078430671248e+01
1.233701066039943584e+01,1.741574011664388877e+01
1.234303457478196364e+01,1.728047704730347434e+01
1.234905403385327816e+01,1.722652496666932365e+01
1.235506903761338293e+01,1.777136700115500645e+01
1.236107958606227442e+01,1.685551333359193649e+01
1.236708567919995083e+01,1.876757948299367129e+01
1.237308731702641929e+01,1.780723453157389002e+01
1.237908449954167267e+01,1.837132936971423547e+01
1.238507722674571454e+01,1.794084520292079787e+01
1.239106549863854312e+01,1.829671587656428855e+01
1.239704931522016018e+01,1.825612944682957206e+01
1.240302867649056395e+01,1.829921713087457391e+01
1.240900358244975621e+01,1.805396021438881604e+01
1.241497403309773340e+01,1.857215490530222723e+01
1.242094002843450262e+01,1.827468063526584530e+01
1.242690156846005678e+01,1.860480985614331217e+01
1.243285865317439765e+01,1.846908540365821239e+01
1.243881128257752877e+01,1.749034460375489886e+01
1.244475945666944661e+01,1.794355402025486512e+01
1.245070317545015115e+01,1.798229088059115810e+01
1.245664243891964240e+01,1.770529777514501646e+01
1.246257724707792391e+01,1.833743179426673464e+01
1.246850759992499214e+01,1.836778687159123891e+01
1.247443349746084706e+01,1.773144150405806840e+01
1.248035493968548870e+01,1.867200523430728865e+01
1.248627192659892060e+01,1.837936388650760122e+01
1.249218445820113743e+01,1.875939989301901889e+01
1.249809253449214452e+01,1.841060328045180583e+01
1.250399615547193832e+01,1.823194402708016781e+01
1.250989532114051883e+01,1.839667828203632993e+01
1.251579003149788782e+01,1.732758287379743578e+01
1.252168028654404353e+01,1.769778337397412926e+01
1.252756608627898594e+01,1.650682207109864308e+01
1.253344743070271861e+01,1.604044814453790480e+01
1.253932431981523798e+01,1.711348497300941318e+01
1.254519675361654407e+01,1.652906178845573848e+01
1.255106473210663864e+01,1.798438918035702372e+01
1.255692825528551992e+01,1.721831338684403434e+01
1.256278732315318969e+01,1.718301182960381013e+01
1.256864193570964794e+01,1.799401362971770624e+01
1.257449209295489112e+01,1.793868677945866708e+01
1.258033779488892279e+01,1.856275531427601067e+01
1.258617904151174294e+01,1.850074147589957363e+01
1.259201583282334980e+01,1.843691158377899342e+01
1.259784816882374514e+01,1.784626609328893920e+01
1.260367604951292897e+01,1.707378811318173462e+01
1.260949947489089773e+01,1.971174913574775545e+01
1.261531844495765675e+01,1.833439705684872223e+01
1.262113295971320071e+01,1.789727851879145604e+01
1.262694301915753492e+01,1.746159378331134704e+01
1.263274862329065407e+01,1.782871833804569661e+01
1.263854977211256347e+01,1.725620653007624128e+01
1.264434646562325781e+01,1.822945869611942626e+01
1.265013870382274241e+01,1.845522651692100879e+01
1.265592648671101372e+01,1.818736172917187943e+01
1.266170981428806996e+01,1.875865826177622253e+01
1.266748868655391824e+01,1.968276840892285762e+01
1.267326310350855145e+01,1.953769821177053245e+01
1.267903306515197137e+01,2.033583218169653151e+01
1.268479857148418155e+01,1.919247303327260923e+01
1.269055962250517844e+01,1.903783155741223965e+01
1.269631621821496203e+01,1.904766182851365386e+01
1.270206835861353412e+01,1.836779261642151795e+01
1.270781604370089291e+01,1.901001450891720879e+01
1.271355927347704018e+01,1.850701668425986668e+01
1.271929804794197416e+01,1.932731684106885695e+01
1.272503236709569663e+01,1.864943370522496835e+01
1.273076223093820580e+01,1.932425397534991163e+01
1.273648763946950346e+01,1.868301024115111630e+01
1.274220859268958783e+01,1.845466026344024257e+01
1.274792509059846068e+01,1.835968874164149867e+01
1.275363713319612202e+01,1.828004333942094561e+01
1.275934472048256829e+01,1.841533365927947585e+01
1.276504785245780482e+01,1.904962088514920637e+01
1.277074652912182628e+01,1.851304959383433868e+01
1.277644075047463623e+01,1.901796565872315270e+01
1.278213051651623466e+01,1.851271395752064208e+01
1.278781582724662158e+01,1.832534308345671903e+01
1.279349668266579521e+01,1.894012468940912441e+01
1.279917308277375554e+01,1.880205051863096699e+01
1.280484502757050436e+01,1.865287822431026044e+01
1.281051251705603988e+01,1.942064128226337161e+01
1.281617555123036212e+01,1.863706100040395697e+01
1.282183413009347461e+01,1.861698981413078968e+01
1.282748825364537382e+01,1.876045308714363813e+01
1.283313792188606151e+01,1.863501981574203370e+01
1.283878313481553413e+01,1.834264186792872309e+01
1.284442389243379701e+01,1.905985832349938036e+01
1.285006019474084482e+01,1.926929945080537365e+01
1.285569204173668290e+01,1.884264119828478456e+01
1.286131943342130590e+01,1.934155296197663887e+01
1.286694236979471917e+01,1.804696450084191284e+01
1.287256085085691737e+01,1.718422413707332908e+01
1.287817487660790405e+01,1.708213182371177297e+01
1.288378444704768100e+01,1.715559649473546600e+01
1.288938956217624110e+01,1.720380396020483005e+01
1.289499022199359146e+01,1.940407712615284908e+01
1.290058642649973031e+01,1.751585704363710860e+01
1.290617817569465586e+01,1.891789900715882666e+01
1.291176546957836813e+01,1.917838706574601915e+01
1.291734830815086710e+01,1.807794177582402284e+01
1.292292669141215633e+01,1.899693258308289501e+01
1.292850061936223227e+01,1.903167628849709203e+01
1.293407009200109492e+01,1.878575614672790906e+01
1.293963510932874605e+01,1.854342549862020917e+01
1.294519567134518390e+01,1.820280294584938474e+01
1.295075177805041022e+01,1.963131004603161500e+01
1.295630342944442326e+01,1.930265156161198092e+01
1.296185062552722478e+01,2.013951899517523003e+01
1.296739336629881301e+01,1.904763700891195910e+01
1.297293165175918972e+01,1.813780190773194079e+01
1.297846548190835314e+01,1.781150194914452456e+01
1.298399485674630682e+01,1.829573777236510779e+01
1.298951977627304544e+01,1.762506002707741359e+01
1.299504024048857254e+01,1.806313915310279583e+01
1.300055624939288634e+01,1.852129091534222027e+01
1.300606780298598686e+01,1.906193012671088383e+01
1.301157490126787764e+01,1.844558178669694470e+01
1.301707754423855512e+01,1.869662720758671526e+01
1.302257573189801931e+01,1.807667227810353339e+01
1.302806946424627199e+01,1.885151496754161826e+01
1.303355874128331138e+01,1.808406438344728784e+01
1.303904356300913925e+01,1.850950225466483090e+01
1.304452392942375560e+01,1.839351669423730584e+01
1.304999984052715689e+01,1.962770638991123207e+01
1.305547129631934844e+01,1.856412346817545611e+01
1.306093829680032492e+01,2.022782690379422377e+01
1.306640084197009166e+01,1.852262214198293933e+01
1.307185893182864334e+01,1.925627261088984099e+01
1.307731256637598527e+01,1.835985248194354114e+01
1.308276174561211391e+01,1.876633616870236665e+01
1.308820646953702926e+01,1.861417411826626278e+01
1.309364673815073310e+01,1.969119072284553695e+01
1.309908255145322542e+01,1.999166457682936482e+01
1.310451390944450267e+01,1.905625323922417635e+01
1.310994081212456841e+01,1.846989374748759616e+01
1.311536325949342263e+01,1.835052644320392901e+01
1.312078125155106534e+01,1.730600995428692457e+01
1.312619478829749475e+01,1.910435788844966609e+01
1.313160386973271088e+01,1.868843179171850721e+01
1.313700849585671371e+01,1.969867675286449327e+01
1.314240866666950680e+01,1.905833680133219232e+01
1.314780438217108660e+01,2.108336042968545243e+01
1.315319564236145311e+01,1.867517601935802674e+01
1.315858244724060810e+01,1.932080874248310565e+01
1.316396479680854981e+01,1.892771896579123947e+01
1.316934269106527999e+01,1.757145062608473296e+01
1.317471613001079866e+01,1.891464955400465797e+01
1.318008511364510227e+01,1.987795472814874387e+01
1.318544964196819436e+01,2.009783131900169550e+01
1.319080971498007671e+01,1.973867883199223883e+01
