#IRAS-17251-2821_flux_calibrated_x IRAS-17251-2821_flux_calibrated_y
7.315533772101396437e+00,5.159902177174399363e+00
7.324534814542277061e+00,5.461098067673487932e+00
7.333531401671943506e+00,5.620192796786628087e+00
7.342523533490399323e+00,5.986991991635139954e+00
7.351511209997641849e+00,5.628592755737393816e+00
7.360494431193671083e+00,5.828285361942872278e+00
7.369473197078489690e+00,5.872048281770460676e+00
7.378447507652095005e+00,5.707235928443352257e+00
7.387417362914487917e+00,5.770859627381574875e+00
7.396382762865668425e+00,5.771504510499227969e+00
7.405343707505636530e+00,5.622903717012441405e+00
7.414300196834392231e+00,5.537804155438874609e+00
7.423252230851935529e+00,5.230143265053812662e+00
7.432199809558267312e+00,5.420277740910061759e+00
7.441142932953384914e+00,5.298504111429386043e+00
7.450081601037291001e+00,5.513724059298575675e+00
7.459015813809985573e+00,5.458554770270620971e+00
7.467945571271466854e+00,5.560676419479715804e+00
7.476870873421734842e+00,5.491607701066013369e+00
7.485791720260792204e+00,5.467925075577243277e+00
7.494708111788636273e+00,5.422029378951979339e+00
7.503620048005267940e+00,5.606827701153852317e+00
7.512527528910687202e+00,5.468395610827112563e+00
7.521430554504894062e+00,5.504643858865269301e+00
7.530329124787888517e+00,5.460016444106084776e+00
7.539223239759670570e+00,5.236623922040232415e+00
7.548112899420240218e+00,5.193780014332614492e+00
7.556998103769597463e+00,5.189798673525675810e+00
7.565878852807743193e+00,5.031988825768218376e+00
7.574755146534675632e+00,5.081602754786036513e+00
7.583626984950395666e+00,5.016861036945641672e+00
7.592494368054903298e+00,5.085012599539499689e+00
7.601357295848197637e+00,5.008385931320575857e+00
7.610215768330281350e+00,5.146038624812125484e+00
7.619069785501151770e+00,5.077252932167920285e+00
7.627919347360809788e+00,5.070941965250550076e+00
7.636764453909255401e+00,5.014902211910401419e+00
7.645605105146489500e+00,4.834811314875333998e+00
7.654441301072509418e+00,4.767943624720268225e+00
7.663273041687318710e+00,4.891221580136522640e+00
7.672100326990913821e+00,4.860390129606858345e+00
7.680923156983298306e+00,4.875736625549347281e+00
7.689741531664468610e+00,4.903627237075445677e+00
7.698555451034429176e+00,4.831696066909631604e+00
7.707364915093174673e+00,4.874391479887611567e+00
7.716169923840708655e+00,4.933990265970772171e+00
7.724970477277031122e+00,4.988346714347749788e+00
7.733766575402139409e+00,5.355929315111525035e+00
7.742558218216037069e+00,5.296676343890101890e+00
7.751345405718722326e+00,5.339130303834855873e+00
7.760128137910193402e+00,5.328514428025763472e+00
7.768906414790452963e+00,5.077970233327290472e+00
7.777680236359499233e+00,5.196275965828506926e+00
7.786449602617333987e+00,5.406929849904697605e+00
7.795214513563958114e+00,5.289029908623305687e+00
7.803974969199368061e+00,5.620667929005706220e+00
7.812730969523565605e+00,5.784716837128876854e+00
7.821482514536550745e+00,5.981647963121356604e+00
7.830229604238323482e+00,5.828149505521965423e+00
7.838972238628883815e+00,5.828147743352288579e+00
7.847710417708231745e+00,5.752280380715263597e+00
7.856444141476368159e+00,5.760892562262514005e+00
7.865173409933290394e+00,5.618254515126434256e+00
7.873898223079002001e+00,5.537950368589699579e+00
7.882618580913500317e+00,5.451351514461438619e+00
7.891334483436785341e+00,5.440933272273029253e+00
7.900045930648860626e+00,5.328122893310321295e+00
7.908752922549720843e+00,5.415659404257433529e+00
7.917455459139369545e+00,5.276740874680103666e+00
7.926153540417806731e+00,5.140503540927315207e+00
7.934847166385030626e+00,5.173869363447963110e+00
7.943536337041041229e+00,5.164701692441174607e+00
7.952221052385841205e+00,5.439239599664670521e+00
7.960901312419427001e+00,5.311370918210194247e+00
7.969577117141801281e+00,5.384300899147786090e+00
7.978248466552964935e+00,5.496818167941397881e+00
7.986915360652914408e+00,5.631513264738085667e+00
7.995577799441651479e+00,5.648473227680399944e+00
8.004235782919176145e+00,5.583429031212384430e+00
8.012889311085487520e+00,5.523686407261126696e+00
8.021538383940589156e+00,5.562384356359566517e+00
8.030183001484475724e+00,5.475987256077674559e+00
8.038823163717152553e+00,5.380704125692113315e+00
8.047458870638614314e+00,5.431919968382321606e+00
8.056090122248862784e+00,5.319458448164481545e+00
8.064716918547901514e+00,5.248572489817648012e+00
8.073339259535726953e+00,5.168370646119511136e+00
8.081957145212340876e+00,5.138728561359878988e+00
8.090570575577741508e+00,5.008570283847873839e+00
8.099179550631930624e+00,5.020263568419482070e+00
8.107784070374906449e+00,4.948835763235269525e+00
8.116384134806668982e+00,4.978400540777119687e+00
8.124979743927221776e+00,4.900702096338061864e+00
8.133570897736559502e+00,4.935684146429434982e+00
8.142157596234685712e+00,4.915104272875333358e+00
8.150739839421600408e+00,4.928691729754745232e+00
8.159317627297301811e+00,4.928150617046607174e+00
8.167890959861791700e+00,4.848383397392677985e+00
8.176459837115066520e+00,4.839317636588824634e+00
8.185024259057131601e+00,4.815683363721668719e+00
8.193584225687983391e+00,4.763335520624979225e+00
8.202139737007623665e+00,4.745608119209600240e+00
8.210690793016050648e+00,4.730672742307947765e+00
8.219237393713266115e+00,4.673325534901764833e+00
8.227779539099268291e+00,4.700105456278826921e+00
8.236317229174057175e+00,4.743536848459917188e+00
8.244850463937634544e+00,4.760451083211111545e+00
8.253379243390000397e+00,4.776736940697440481e+00
8.261903567531152959e+00,4.763745267355910862e+00
8.270423436361094005e+00,4.790464951141058414e+00
8.278938849879819983e+00,4.778879480207198327e+00
8.287449808087336223e+00,4.765758565294807347e+00
8.295956310983639170e+00,4.742775278803834205e+00
8.304458358568730603e+00,4.710763245614400851e+00
8.312955950842608743e+00,4.680035168563607684e+00
8.321449087805273592e+00,4.656953788590268317e+00
8.329937769456726926e+00,4.660917646446828044e+00
8.338421995796970521e+00,4.657111343109413326e+00
8.346901766825997271e+00,4.645969086113909796e+00
8.355377082543814282e+00,4.628503413422743407e+00
8.363847942950418002e+00,4.642411675154516359e+00
8.372314348045810206e+00,4.597181614253561754e+00
8.380776297829989119e+00,4.626931577817499530e+00
8.389233792302954740e+00,4.574007223190316829e+00
8.397686831464708845e+00,4.609666263221200211e+00
8.406135415315251436e+00,4.556386699721007183e+00
8.414579543854580734e+00,4.611648989703588164e+00
8.423019217082698518e+00,4.613601889459140182e+00
8.431454434999603009e+00,4.665096290696789438e+00
8.439885197605294209e+00,4.550740747648892359e+00
8.448311504899775670e+00,4.647489096404680886e+00
8.456733356883043840e+00,4.566154053532047286e+00
8.465150753555096941e+00,4.604084645664266340e+00
8.473563694915940303e+00,4.514976524053600393e+00
8.481972180965570374e+00,4.620656969940225345e+00
8.490376211703987153e+00,4.489215619885978725e+00
8.498775787131194193e+00,4.641060210170972589e+00
8.507170907247186165e+00,4.530956675129620415e+00
8.515561572051968398e+00,4.568279776032870387e+00
8.523947781545535562e+00,4.526516136676609570e+00
8.532329535727892988e+00,4.558530939777583946e+00
8.540706834599035346e+00,4.468196835894644003e+00
8.549079678158966189e+00,4.516657519508224361e+00
8.557448066407685516e+00,4.502592831134596629e+00
8.565811999345191552e+00,4.518223368921867156e+00
8.574171476971486072e+00,4.508731272938073076e+00
8.582526499286567301e+00,4.524548575605074063e+00
8.590877066290435238e+00,4.483122097624375080e+00
8.599223177983091659e+00,4.471759913937687791e+00
8.607564834364536566e+00,4.389890491776131221e+00
8.615902035434768180e+00,4.433136472815372819e+00
8.624234781193786503e+00,4.375052714650150776e+00
8.632563071641593311e+00,4.431878005333867776e+00
8.640886906778190379e+00,4.384238238576894098e+00
8.649206286603570604e+00,4.421433226054583443e+00
8.657521211117741089e+00,4.388992877256958636e+00
8.665831680320700059e+00,4.397518022066606136e+00
8.674137694212443961e+00,4.316510455606100471e+00
8.682439252792976347e+00,4.362370883057310245e+00
8.690736356062297219e+00,4.313188042668921973e+00
8.699029004020404798e+00,4.332348362711165635e+00
8.707317196667299086e+00,4.235006867395129326e+00
8.715600934002981859e+00,4.354266759903312689e+00
8.723880216027453116e+00,4.234445563203476759e+00
8.732155042740711082e+00,4.238522014826425988e+00
8.740425414142757532e+00,4.100487803484897498e+00
8.748691330233590691e+00,4.249538435022324201e+00
8.756952791013212334e+00,4.076932159115121301e+00
8.765209796481618909e+00,4.266023351388791518e+00
8.773462346638815745e+00,4.062254183415898723e+00
8.781710441484801066e+00,4.188182982677988164e+00
8.789954081019571319e+00,4.035767073949436679e+00
8.798193265243130057e+00,4.125691235742082519e+00
8.806427994155477279e+00,3.958344760297640264e+00
8.814658267756611210e+00,3.967097975998860715e+00
8.822884086046531849e+00,3.907675276061988612e+00
8.831105449025242748e+00,3.910579650757160408e+00
8.839322356692738580e+00,3.880639985215000642e+00
8.847534809049024673e+00,3.889538336637033300e+00
8.855742806094095698e+00,3.794676778477907408e+00
8.863946347827956984e+00,3.837868459698659862e+00
8.872145434250603202e+00,3.776954144830275695e+00
8.880340065362037905e+00,3.768128544854400630e+00
8.888530241162261092e+00,3.701794058656984632e+00
8.896715961651270987e+00,3.726673297283844555e+00
8.904897226829069368e+00,3.627456701546693640e+00
8.913074036695654456e+00,3.631444169467091143e+00
8.921246391251026253e+00,3.542717543380943024e+00
8.929414290495186535e+00,3.522889583415316217e+00
8.937577734428135301e+00,3.428603803883207846e+00
8.945736723049872552e+00,3.398528775570791360e+00
8.953891256360394735e+00,3.321102620117254212e+00
8.962041334359705402e+00,3.313333507651446297e+00
8.970186957047802778e+00,3.190456682466374705e+00
8.978328124424690415e+00,3.270059736912911852e+00
8.986464836490364760e+00,3.069612328160800985e+00
8.994597093244824038e+00,3.066626896284594839e+00
9.002724894688075352e+00,2.973030303372158567e+00
9.010848240820109822e+00,2.999652797875140831e+00
9.018967131640934554e+00,2.907627692729967794e+00
9.027081567150545993e+00,2.900525018495474949e+00
9.035191547348945917e+00,2.754068546958268193e+00
9.043297072236132550e+00,2.770791762227839961e+00
9.051398141812105891e+00,2.655767240250659356e+00
9.059494756076869493e+00,2.664272964210205874e+00
9.067586915030419803e+00,2.557833201567093706e+00
9.075674618672756822e+00,2.568007072267930457e+00
9.083757867003882325e+00,2.510056874014728212e+00
9.091836660023792760e+00,2.498440806387753899e+00
9.099910997732493456e+00,2.422911815735366403e+00
9.107980880129980861e+00,2.408131878491770017e+00
9.116046307216256750e+00,2.346398830126240398e+00
9.124107278991319347e+00,2.375007407901219558e+00
9.132163795455170430e+00,2.268238004759677739e+00
9.140215856607808220e+00,2.257598002242319879e+00
9.148263462449234495e+00,2.217221134382094228e+00
9.156306612979447479e+00,2.208633008426055255e+00
9.164345308198448947e+00,2.170932597057841473e+00
9.172379548106235347e+00,2.144515030599168259e+00
9.180409332702812009e+00,2.086628675436215552e+00
9.188434661988175378e+00,2.105662023178583642e+00
9.196455535962327232e+00,2.039735336970897706e+00
9.204471954625265795e+00,2.033833879825998281e+00
9.212483917976992842e+00,1.980739997207371372e+00
9.220491426017506598e+00,1.968633386633460436e+00
9.228494478746808838e+00,1.907438094077642088e+00
9.236493076164897786e+00,1.912107111544908644e+00
9.244487218271775220e+00,1.886775528933917201e+00
9.252476905067439361e+00,1.878100357314870239e+00
9.260462136551890211e+00,1.848494361302893907e+00
9.268442912725129545e+00,1.862636976385253940e+00
9.276419233587159141e+00,1.806496429461910358e+00
9.284391099137971892e+00,1.822076549564760395e+00
9.292358509377574904e+00,1.782207303708502666e+00
9.300321464305966401e+00,1.772849467881165930e+00
9.308279963923142830e+00,1.757990445989687789e+00
9.316234008229107744e+00,1.763540883545411830e+00
9.324183597223861142e+00,1.750374418306679392e+00
9.332128730907401248e+00,1.750609107925402252e+00
9.340069409279729840e+00,1.726525072197693911e+00
9.348005632340845139e+00,1.727406607759171209e+00
9.355937400090748923e+00,1.707763973946286873e+00
9.363864712529437639e+00,1.712655116874808092e+00
9.371787569656918393e+00,1.733492013420422140e+00
9.379705971473182302e+00,1.724668544467090170e+00
9.387619917978236472e+00,1.713417453563039539e+00
9.395529409172079127e+00,1.703479305010090483e+00
9.403434445054706714e+00,1.721000787831822310e+00
9.411335025626122786e+00,1.662912598407390030e+00
9.419231150886327342e+00,1.677259402189049453e+00
9.427122820835318606e+00,1.675699692116327189e+00
9.435010035473098355e+00,1.754610247789353705e+00
9.442892794799664813e+00,1.707140439683741961e+00
9.450771098815019755e+00,1.748660853289901507e+00
9.458644947519161406e+00,1.768797076542777624e+00
9.466514340912091541e+00,1.837048332734292133e+00
9.474379278993808384e+00,1.815780375856060447e+00
9.482239761764311936e+00,1.819454841525251387e+00
9.490095789223603973e+00,1.737805540162953744e+00
9.497947361371684494e+00,1.803150361351614883e+00
9.505794478208551723e+00,1.816382100857947934e+00
9.513637139734207437e+00,1.765552887922181124e+00
9.521475345948649860e+00,1.830136270284722588e+00
9.529309096851882543e+00,1.875912005749241995e+00
9.537138392443900159e+00,1.742701091766462262e+00
9.544963232724704483e+00,1.738228647327809240e+00
9.552783617694297291e+00,1.713057499045663512e+00
9.560599547352678584e+00,1.784863419768416559e+00
9.568411021699846586e+00,1.774132025277742386e+00
9.576218040735803072e+00,1.712891228405675648e+00
9.584020604460546267e+00,1.666544076732836555e+00
9.591818712874076169e+00,1.653931498970913738e+00
9.599612365976394557e+00,1.685297563948645383e+00
9.607401563767503205e+00,1.596242603881832700e+00
9.615186306247396786e+00,1.566519729349154844e+00
9.622966593416078851e+00,1.595749961791529614e+00
9.630742425273547624e+00,1.549847384078208323e+00
9.638513801819803106e+00,1.558226713148174181e+00
9.646280723054848849e+00,1.562644924698308069e+00
9.654043188978679524e+00,1.695425390536955179e+00
9.661801199591298683e+00,1.613491864036410872e+00
9.669554754892706327e+00,1.669651560238298194e+00
9.677303854882900680e+00,1.592060383987170979e+00
9.685048499561883517e+00,1.645781130748147580e+00
9.692788688929653063e+00,1.690447285460223714e+00
9.700524422986211093e+00,1.606350360249462872e+00
9.708255701731555831e+00,1.580146354964611755e+00
9.715982525165687278e+00,1.603550703283381340e+00
9.723704893288608986e+00,1.540554346794430929e+00
9.731422806100317402e+00,1.570639907294957505e+00
9.739136263600812526e+00,1.524993473838157643e+00
9.746845265790094359e+00,1.519115673762922336e+00
9.754549812668166453e+00,1.504961197409698803e+00
9.762249904235023479e+00,1.558107001751011689e+00
9.769945540490670766e+00,1.543252644702303611e+00
9.777636721435104761e+00,1.526400634655329824e+00
9.785323447068325464e+00,1.500255215509568973e+00
9.793005717390334652e+00,1.535879322493973742e+00
9.800683532401130549e+00,1.532688595454869018e+00
9.808356892100713154e+00,1.457898327862247934e+00
9.816025796489086019e+00,1.437296970485585357e+00
9.823690245566243817e+00,1.482897502750190943e+00
9.831350239332190100e+00,1.492519932335870658e+00
9.839005777786924867e+00,1.498610372111768951e+00
9.846656860930446342e+00,1.482947838329181645e+00
9.854303488762756302e+00,1.452759168823203551e+00
9.861945661283854747e+00,1.429246858558428368e+00
9.869583378493738124e+00,1.381437786433898696e+00
9.877216640392409985e+00,1.430572994340052029e+00
9.884845446979870331e+00,1.443763849082235984e+00
9.892469798256117386e+00,1.466728255142334847e+00
9.900089694221152925e+00,1.425169109303342507e+00
9.907705134874975172e+00,1.432147628483749324e+00
9.915316120217585905e+00,1.471407918285740468e+00
9.922922650248983345e+00,1.462899987568363480e+00
9.930524724969169270e+00,1.460879264398069255e+00
9.938122344378141904e+00,1.451020240062441014e+00
9.945715508475903022e+00,1.458498616777870183e+00
9.953304217262450848e+00,1.439541525898926588e+00
9.960888470737787159e+00,1.471567640365969654e+00
9.968468268901910179e+00,1.519527389769841585e+00
9.976043611754821683e+00,1.514340165968656837e+00
9.983614499296519895e+00,1.523113146021188191e+00
9.991180931527006592e+00,1.489175322122397338e+00
9.998742908446279998e+00,1.522243939482449182e+00
1.000630043005434011e+01,1.493303220876795123e+00
1.001385349635119049e+01,1.520348575523286394e+00
1.002140210733682757e+01,1.524934068420724209e+00
1.002894626301125136e+01,1.537647467664045475e+00
1.003648596337446186e+01,1.505049297276660036e+00
1.004402120842646262e+01,1.525908080427319513e+00
1.005155199816724831e+01,1.511056593615824450e+00
1.005907833259682427e+01,1.529838115705454138e+00
1.006660021171518693e+01,1.526086759181773500e+00
1.007411763552233630e+01,1.572431320911940489e+00
1.008163060401827416e+01,1.575099701559451670e+00
1.008913911720299872e+01,1.549684343624583738e+00
1.009664317507651177e+01,1.553890596567475635e+00
1.010414277763881152e+01,1.560066281618156969e+00
1.011163792488989976e+01,1.557479242972449329e+00
1.011912861682977471e+01,1.551293595462557517e+00
1.012661485345843637e+01,1.556249579130716931e+00
1.013409663477588651e+01,1.569629693441559226e+00
1.014157396078212514e+01,1.591612930372573675e+00
1.014904683147715048e+01,1.587668572004097056e+00
1.015651524686096607e+01,1.552725423600138432e+00
1.016397920693356660e+01,1.568758510182753252e+00
1.017143871169495384e+01,1.575035810907307265e+00
1.017889376114512956e+01,1.582897257613370856e+00
1.018634435528409554e+01,1.613984487302689619e+00
1.019379049411184468e+01,1.617020858049425858e+00
1.020123217762838408e+01,1.609358861170393951e+00
1.020866940583371196e+01,1.642365132141671902e+00
1.021610217872782478e+01,1.598730490360289913e+00
1.022353049631072786e+01,1.667507211542812451e+00
1.023095435858241586e+01,1.601721332014009569e+00
1.023837376554289413e+01,1.662937555693709824e+00
1.024578871719215734e+01,1.625003696859589786e+00
1.025319921353021080e+01,1.725999645130714022e+00
1.026060525455704919e+01,1.683270619880665064e+00
1.026800684027267785e+01,1.713611649166873363e+00
1.027540397067709321e+01,1.668173712868192160e+00
1.028279664577029351e+01,1.716800526951590244e+00
1.029018486555228407e+01,1.719299419855851774e+00
1.029756863002306311e+01,1.719775661578021531e+00
1.030494793918262708e+01,1.713036522569856279e+00
1.031232279303097954e+01,1.770458091839038017e+00
1.031969319156812048e+01,1.739139959052890205e+00
1.032705913479404991e+01,1.758366256801989769e+00
1.033442062270876427e+01,1.747172021206608861e+00
1.034177765531226711e+01,1.803191866935722976e+00
1.034913023260455844e+01,1.778328601370156692e+00
1.035647835458563648e+01,1.791708377922820006e+00
1.036382202125550300e+01,1.739725028345247226e+00
1.037116123261415801e+01,1.748974787484975923e+00
1.037849598866159795e+01,1.737610957950972201e+00
1.038582628939782815e+01,1.806885203512941684e+00
1.039315213482284328e+01,1.818500850021159021e+00
1.040047352493664690e+01,1.830651529082367057e+00
1.040779045973923900e+01,1.807577421847911259e+00
1.041510293923061781e+01,1.811807637841148066e+00
1.042241096341078688e+01,1.786599172051948514e+00
1.042971453227974088e+01,1.821554257631945228e+00
1.043701364583748337e+01,1.798494014812001218e+00
1.044430830408401256e+01,1.860915377861711351e+00
1.045159850701932847e+01,1.838653945613567764e+00
1.045888425464343463e+01,1.904873318555875494e+00
1.046616554695632750e+01,1.864977392806487000e+00
1.047344238395800708e+01,1.883189371647832289e+00
1.048071476564847515e+01,1.792129176930172152e+00
1.048798269202772993e+01,1.900906142042976033e+00
1.049524616309577141e+01,1.863954376888744990e+00
1.050250517885260315e+01,1.926866158829113829e+00
1.050975973929821983e+01,1.871839608284007195e+00
1.051700984443262676e+01,1.898855053762399159e+00
1.052425549425581863e+01,1.849148476783612605e+00
1.053149668876780076e+01,1.886276219501896723e+00
1.053873342796856782e+01,1.874501575848823709e+00
1.054596571185812515e+01,1.923824836753645462e+00
1.055319354043646918e+01,1.895939034871656492e+00
1.056041691370359992e+01,1.880464335324220748e+00
1.056763583165951914e+01,1.875091604009762047e+00
1.057485029430422507e+01,1.905131966481005357e+00
1.058206030163771949e+01,1.898627162886679542e+00
1.058926585366000062e+01,1.919054576691294312e+00
1.059646695037107023e+01,1.911590213352466483e+00
1.060366359177092654e+01,1.957500041388756440e+00
1.061085577785957135e+01,1.926783975139598315e+00
1.061804350863700286e+01,1.961806176178733541e+00
1.062522678410322285e+01,1.948143334185363118e+00
1.063240560425822956e+01,1.952300869530392502e+00
1.063957996910202475e+01,1.969021399585846765e+00
1.064674987863460842e+01,1.979239838077199609e+00
1.065391533285597703e+01,1.958623650328052967e+00
1.066107633176613589e+01,1.959876310300815216e+00
1.066823287536507969e+01,1.966603201268088297e+00
1.067538496365281375e+01,2.006576788185302718e+00
1.068253259662933274e+01,1.969884515994509089e+00
1.068967577429464200e+01,2.055144999640986292e+00
1.069681449664873618e+01,1.979249698217996123e+00
1.070394876369161885e+01,2.044471540616026317e+00
1.071107857542329000e+01,1.980001767393178236e+00
1.071820393184374964e+01,2.118337411528253167e+00
1.072532483295299599e+01,2.025757740885492986e+00
1.073244127875102905e+01,2.069669233916282103e+00
1.073955326923784881e+01,2.028992700585122044e+00
1.074666080441345883e+01,2.124434012810708872e+00
1.075376388427785557e+01,2.119452876592395896e+00
1.076086250883103901e+01,2.141155880242498810e+00
1.076795667807301093e+01,2.089127873664410107e+00
1.077504639200376957e+01,2.132653466680895171e+00
1.078213165062331669e+01,2.103858678910013325e+00
1.078921245393165051e+01,2.176129912529789490e+00
1.079628880192877283e+01,2.142397282436381722e+00
1.080336069461468185e+01,2.177693230171788841e+00
1.081042813198937935e+01,2.145610300690901528e+00
1.081749111405286357e+01,2.194477010633800518e+00
1.082454964080513626e+01,2.151013393817027719e+00
1.083160371224619745e+01,2.201894340584604759e+00
1.083865332837604356e+01,2.162095982244403913e+00
1.084569848919467994e+01,2.214320711067834679e+00
1.085273919470210302e+01,2.173840688974117086e+00
1.085977544489831104e+01,2.192741272674432196e+00
1.086680723978330931e+01,2.214051724394667353e+00
1.087383457935709608e+01,2.198925067636170461e+00
1.088085746361966955e+01,2.210491228823204146e+00
1.088787589257102795e+01,2.264349121644449792e+00
1.089488986621117661e+01,2.224841621873156594e+00
1.090189938454011376e+01,2.286738749775258039e+00
1.090890444755783761e+01,2.222433009095983181e+00
1.091590505526434818e+01,2.323158913039625073e+00
1.092290120765964723e+01,2.304968221369648074e+00
1.092989290474373298e+01,2.318235923555156841e+00
1.093688014651660723e+01,2.300432373970473066e+00
1.094386293297826818e+01,2.394296080935778281e+00
1.095084126412871761e+01,2.321287842944979474e+00
1.095781513996795375e+01,2.393498451429676432e+00
1.096478456049597838e+01,2.330369224207194279e+00
1.097174952571278972e+01,2.401776833953614076e+00
1.097871003561839132e+01,2.282543537226479735e+00
1.098566609021277785e+01,2.337065276509412648e+00
1.099261768949595286e+01,2.314550366901618528e+00
1.099956483346791458e+01,2.357620157527666294e+00
1.100650752212866301e+01,2.341010920906236414e+00
1.101344575547820170e+01,2.390132454024439745e+00
1.102037953351652710e+01,2.367286266262312200e+00
1.102730885624363921e+01,2.402301080579606563e+00
1.103423372365953981e+01,2.398206770835607404e+00
1.104115413576422711e+01,2.437483532386732765e+00
1.104807009255770289e+01,2.379572477920332663e+00
1.105498159403996539e+01,2.442270403314247051e+00
1.106188864021101814e+01,2.426527958100181515e+00
1.106879123107085405e+01,2.432184792299865173e+00
1.107568936661948200e+01,2.452945691914389492e+00
1.108258304685689488e+01,2.457396679422815478e+00
1.108947227178309625e+01,2.417202030330383611e+00
1.109635704139808432e+01,2.489655702420358274e+00
1.110323735570186088e+01,2.451263174722374316e+00
1.111011321469442414e+01,2.458755810012131615e+00
1.111698461837577590e+01,2.447925884145292663e+00
1.112385156674591435e+01,2.455259473084710820e+00
1.113071405980484130e+01,2.449123633299022273e+00
1.113757209755255495e+01,2.544088244178889013e+00
1.114442567998905709e+01,2.452716478668124367e+00
1.115127480711434593e+01,2.504056039451649340e+00
1.115811947892842326e+01,2.452716786193316345e+00
1.116495969543128908e+01,2.574062963997845177e+00
1.117179545662294160e+01,2.492048712336278005e+00
1.117862676250338083e+01,2.584202771019576517e+00
1.118545361307260855e+01,2.533345153410645700e+00
1.119227600833062297e+01,2.578866258991526994e+00
1.119909394827742588e+01,2.489891243437309942e+00
1.120590743291301727e+01,2.538938807287443478e+00
1.121271646223739360e+01,2.591612000427359952e+00
1.121952103625056019e+01,2.641513465845727993e+00
1.122632115495251171e+01,2.614645397791536929e+00
1.123311681834325348e+01,2.595643992645672249e+00
1.123990802642278020e+01,2.572327866503209659e+00
1.124669477919109539e+01,2.641188778181693397e+00
1.125347707664819907e+01,2.629277863401820792e+00
1.126025491879409124e+01,2.667524498219041806e+00
1.126702830562877011e+01,2.680369769734182839e+00
1.127379723715223570e+01,2.742281495025968852e+00
1.128056171336448799e+01,2.707232717487517260e+00
1.128732173426553054e+01,2.758418417681725465e+00
1.129407729985535980e+01,2.753572447354705410e+00
1.130082841013397754e+01,2.747483896790334335e+00
1.130757506510138022e+01,2.760790282420424013e+00
1.131431726475757138e+01,2.863898963218591831e+00
1.132105500910255103e+01,2.862415251400278304e+00
1.132778829813631738e+01,2.929992891823076206e+00
1.133451713185887400e+01,2.902282257093399043e+00
1.134124151027021377e+01,2.902307801523167807e+00
1.134796143337034557e+01,2.843399973642640077e+00
1.135467690115926409e+01,2.939846288023297394e+00
1.136138791363696754e+01,2.948532486467128511e+00
1.136809447080345947e+01,2.992877652546618084e+00
1.137479657265873989e+01,2.958324342128023421e+00
1.138149421920280702e+01,3.033078562667788081e+00
1.138818741043566263e+01,2.994544630561020160e+00
1.139487614635730672e+01,3.169494803325961119e+00
1.140156042696773575e+01,3.058307428820946861e+00
1.140824025226695504e+01,3.198728075783984881e+00
1.141491562225496104e+01,3.160233618640195807e+00
1.142158653693175374e+01,3.221960925211150073e+00
1.142825299629733493e+01,3.202662249502620462e+00
1.143491500035170461e+01,3.251040285144541020e+00
1.144157254909486099e+01,3.302374775883914815e+00
1.144822564252680408e+01,3.337097597091932766e+00
1.145487428064753388e+01,3.304110644227907567e+00
1.146151846345705394e+01,3.449321478804257879e+00
1.146815819095536071e+01,3.390614383863679748e+00
1.147479346314245419e+01,3.525763213894886228e+00
1.148142428001833615e+01,3.494433713809884878e+00
1.148805064158300482e+01,3.540625385629272426e+00
1.149467254783646197e+01,3.604573294433562669e+00
1.150128999877870584e+01,3.593291845671493956e+00
1.150790299440973818e+01,3.570064390561189516e+00
1.151451153472955724e+01,3.681838401199484245e+00
1.152111561973816656e+01,3.672585848067402292e+00
1.152771524943556081e+01,3.691163271418878900e+00
1.153431042382174176e+01,3.693222868349437249e+00
1.154090114289671298e+01,3.723793008130162008e+00
1.154748740666047091e+01,3.709187295046995292e+00
1.155406921511301555e+01,3.822693159073785818e+00
1.156064656825434867e+01,3.707211215831231144e+00
1.156721946608446849e+01,3.872498437998642462e+00
1.157378790860337858e+01,3.779069278077227256e+00
1.158035189581107360e+01,3.821549122104031859e+00
1.158691142770755711e+01,3.886743068770666110e+00
1.159346650429282732e+01,4.053248438748890514e+00
1.160001712556688602e+01,3.957512001351765729e+00
1.160656329152973143e+01,4.057398365222918635e+00
1.161310500218136532e+01,3.941457406711380784e+00
1.161964225752178592e+01,4.031787456690656413e+00
1.162617505755099501e+01,3.955049438380651150e+00
1.163270340226899258e+01,3.986448346076796767e+00
1.163922729167577508e+01,3.928592575914459761e+00
1.164574672577134784e+01,4.003827517316282503e+00
1.165226170455570731e+01,3.956561638793763880e+00
1.165877222802885349e+01,4.079689607515764926e+00
1.166527829619078815e+01,4.022432877046569821e+00
1.167177990904150953e+01,4.134603505003928703e+00
1.167827706658101938e+01,4.071243532040115021e+00
1.168476976880931772e+01,4.150879182449428662e+00
1.169125801572640100e+01,4.117897200849335526e+00
1.169774180733227453e+01,4.135750622251605613e+00
1.170422114362693478e+01,4.070558995928865720e+00
1.171069602461038173e+01,4.192871312753059243e+00
1.171716645028261716e+01,4.066061614957653170e+00
1.172363242064363931e+01,4.204881207993473424e+00
1.173009393569344994e+01,4.125768219809442527e+00
1.173655099543204905e+01,4.216202565139371750e+00
1.174300359985943309e+01,4.123716820479848444e+00
1.174945174897560740e+01,4.161009075406928659e+00
1.175589544278056842e+01,4.197168285796934128e+00
1.176233468127431614e+01,4.311664387906265716e+00
1.176876946445685235e+01,4.218572298539518428e+00
1.177519979232817526e+01,4.369391677391883277e+00
1.178162566488828844e+01,4.291727264003733389e+00
1.178804708213718655e+01,4.420706137370400413e+00
1.179446404407487137e+01,4.395778169869450913e+00
1.180087655070134645e+01,4.615804591122179446e+00
1.180728460201660823e+01,4.439035731146848462e+00
1.181368819802065673e+01,4.520579632263919123e+00
1.182008733871349371e+01,4.394300960037616832e+00
1.182648202409511740e+01,4.547757481731359519e+00
1.183287225416553134e+01,4.621729925605762013e+00
1.183925802892473023e+01,4.672239937205379334e+00
1.184563934837271759e+01,4.638494254348691115e+00
1.185201621250949167e+01,4.736438322621211228e+00
1.185838862133505422e+01,4.535882579127465952e+00
1.186475657484940349e+01,4.640889727704283985e+00
1.187112007305254124e+01,4.597281299846302183e+00
1.187747911594446748e+01,4.677999568981008771e+00
1.188383370352517865e+01,4.629529822240110448e+00
1.189018383579468008e+01,4.654984381231260571e+00
1.189652951275296822e+01,4.666444010531860975e+00
1.190287073440004484e+01,4.664790212945965742e+00
1.190920750073590639e+01,4.735770121360581619e+00
1.191553981176055643e+01,4.796391603207175613e+00
1.192186766747399496e+01,4.882053878110956369e+00
1.192819106787622196e+01,4.907551483179290130e+00
1.193451001296723568e+01,4.816017228913960224e+00
1.194082450274703611e+01,4.841391796330770880e+00
1.194713453721562502e+01,4.782810114450299466e+00
1.195344011637300241e+01,4.934406582964586008e+00
1.195974124021916651e+01,5.002524080350771563e+00
1.196603790875411732e+01,5.104987568272542298e+00
1.197233012197785662e+01,4.908104661857213280e+00
1.197861787989038262e+01,5.104201773062426284e+00
1.198490118249169711e+01,4.975437607674572327e+00
1.199118002978179831e+01,5.185328464848454999e+00
1.199745442176068799e+01,5.019892674881128336e+00
1.200372435842836616e+01,5.261687376558036533e+00
1.200998983978483103e+01,5.151792531849749501e+00
1.201625086583008262e+01,5.308145359406336361e+00
1.202250743656412268e+01,5.105568400858715883e+00
1.202875955198694946e+01,5.228901293465053612e+00
1.203500721209856650e+01,5.103209821798991186e+00
1.204125041689896847e+01,5.246882441234600236e+00
1.204748916638815892e+01,5.232724017310154352e+00
1.205372346056613608e+01,5.240801757212013356e+00
1.205995329943290173e+01,5.219473344874557164e+00
1.206617868298845586e+01,5.277889236070767431e+00
1.207239961123279492e+01,5.318019266988160076e+00
1.207861608416592425e+01,5.338932239488574538e+00
1.208482810178783851e+01,5.353548322751757738e+00
1.209103566409854302e+01,5.455321933117378563e+00
1.209723877109803425e+01,5.419915283637720904e+00
1.210343742278631218e+01,5.291534768454006610e+00
1.210963161916338038e+01,5.366971137991810359e+00
1.211582136022923351e+01,5.410822200879590760e+00
1.212200664598387512e+01,5.394474726339192117e+00
1.212818747642730344e+01,5.606934494103575695e+00
1.213436385155952024e+01,5.600771041802135031e+00
1.214053577138052376e+01,5.631880201189098933e+00
1.214670323589031575e+01,5.481598118971999334e+00
1.215286624508889624e+01,5.603674138862184684e+00
1.215902479897626343e+01,5.411166762592166890e+00
1.216517889755241733e+01,5.517881224102551663e+00
1.217132854081735971e+01,5.531674796853439879e+00
1.217747372877108880e+01,5.857355067543393190e+00
1.218361446141360638e+01,5.653790608049620303e+00
1.218975073874491244e+01,5.669639836965755464e+00
1.219588256076500521e+01,5.568771582791619323e+00
1.220200992747388469e+01,5.682915251673628987e+00
1.220813283887155265e+01,5.623161392723557306e+00
1.221425129495800732e+01,5.817305373585621275e+00
1.222036529573325048e+01,5.737399546223865165e+00
1.222647484119728212e+01,5.834003439485260678e+00
1.223257993135010047e+01,5.734905684098769107e+00
1.223868056619170730e+01,5.717578951347322302e+00
1.224477674572209907e+01,5.646518518014110199e+00
1.225086846994128109e+01,5.777002576460351868e+00
1.225695573884924805e+01,5.715635108080338256e+00
1.226303855244600527e+01,5.755263471749799464e+00
1.226911691073154920e+01,5.877950529294574622e+00
1.227519081370587983e+01,5.940954657674926587e+00
1.228126026136900073e+01,5.834440000556288197e+00
1.228732525372090656e+01,5.934246794661426350e+00
1.229338579076159910e+01,5.811574178258694268e+00
1.229944187249108190e+01,5.857096174485221241e+00
1.230549349890935140e+01,5.776055254106510439e+00
1.231154067001640939e+01,5.851469811052319336e+00
1.231758338581225232e+01,5.818197344554616457e+00
1.232362164629688550e+01,5.932180984629814802e+00
1.232965545147030539e+01,5.825586890709650412e+00
1.233568480133251200e+01,5.750595228221769162e+00
1.234170969588350708e+01,5.863150209218416897e+00
1.234773013512329065e+01,6.024774814500315046e+00
1.235374611905186093e+01,5.979166260811084044e+00
1.235975764766921792e+01,5.959769874452797822e+00
1.236576472097536339e+01,5.713841043852952772e+00
1.237176733897029557e+01,5.928519165207935870e+00
1.237776550165401801e+01,5.854665199900374262e+00
1.238375920902652361e+01,5.990857923429351750e+00
1.238974846108781946e+01,5.873203395877702349e+00
1.239573325783790381e+01,6.135011887093619443e+00
1.240171359927677486e+01,6.016457004057925495e+00
1.240768948540443439e+01,6.025890342701702984e+00
1.241366091622088064e+01,5.743514306811279724e+00
1.241962789172611359e+01,6.064528241669492559e+00
1.242559041192013503e+01,6.031976442148700990e+00
1.243154847680294495e+01,6.187415497547864796e+00
1.243750208637454158e+01,6.161656474821572083e+00
1.244345124063492491e+01,6.090702702012612768e+00
1.244939593958409674e+01,5.985098747622081383e+00
1.245533618322205527e+01,6.056753148798894593e+00
1.246127197154880228e+01,5.979947526734474827e+00
1.246720330456433601e+01,6.122979764540842140e+00
1.247313018226865822e+01,6.068954923046452343e+00
1.247905260466176891e+01,6.276546017213237683e+00
1.248497057174366631e+01,6.210701071177529897e+00
1.249088408351435042e+01,6.250821191541787059e+00
1.249679313997382302e+01,6.237549388818177221e+00
1.250269774112208410e+01,6.165905232398761981e+00
1.250859788695913188e+01,6.250234433558764735e+00
1.251449357748496638e+01,6.212633390227016328e+00
1.252038481269958936e+01,6.269992671449323041e+00
1.252627159260299905e+01,6.284128763002033047e+00
1.253215391719519900e+01,6.427740038319553761e+00
1.253803178647618388e+01,6.345235322060641003e+00
1.254390520044595725e+01,6.408970085547891493e+00
1.254977415910451732e+01,6.424999306558595080e+00
1.255563866245186766e+01,6.564520991975467012e+00
1.256149871048800293e+01,6.834025987011373537e+00
1.256735430321292668e+01,6.618092858086187746e+00
1.257320544062663714e+01,6.529815003924411165e+00
1.257905212272913609e+01,6.707712872246796465e+00
1.258489434952042352e+01,6.492053741138257728e+00
1.259073212100049588e+01,6.632960234297724966e+00
1.259656543716935850e+01,6.497048487710901377e+00
1.260239429802700784e+01,6.741822057539740065e+00
1.260821870357344565e+01,6.889339538885528746e+00
1.261403865380867018e+01,6.686854421478626520e+00
1.261985414873268141e+01,6.736615642603088538e+00
1.262566518834548113e+01,6.618118629049956070e+00
1.263147177264706933e+01,6.672482814841114163e+00
1.263727390163744424e+01,6.586598770567452021e+00
1.264307157531660586e+01,6.606055974149959376e+00
1.264886479368455596e+01,6.683391988947992246e+00
1.265465355674129455e+01,6.681640313915925944e+00
1.266043786448681985e+01,6.977223488419599384e+00
1.266621771692113185e+01,6.867424209328615525e+00
1.267199311404423234e+01,6.722788970601270897e+00
1.267776405585611954e+01,6.567028957212938778e+00
1.268353054235679522e+01,6.308743958286941123e+00
1.268929257354625939e+01,6.357286277632026028e+00
1.269505014942450849e+01,6.283713727658985171e+00
1.270080326999154963e+01,6.339423991342907350e+00
1.270655193524737392e+01,6.425029653949049901e+00
1.271229614519198847e+01,6.444588787249438511e+00
1.271803589982538796e+01,6.420812955410944767e+00
1.272377119914757948e+01,6.593036134110260349e+00
1.272950204315855416e+01,6.604641386507207557e+00
1.273522843185831732e+01,6.348477354085228619e+00
1.274095036524687075e+01,6.375166351547787436e+00
1.274666784332420910e+01,6.388687085606692406e+00
1.275238086609033594e+01,6.489497863747391904e+00
1.275808943354525127e+01,6.601030648931070388e+00
1.276379354568895153e+01,6.520522302540193493e+00
1.276949320252144204e+01,6.631533385466090280e+00
1.277518840404271927e+01,6.579040578777098247e+00
1.278087915025278498e+01,6.521947106551824191e+00
1.278656544115163740e+01,6.423244737256029957e+00
1.279224727673927653e+01,6.510505598205631017e+00
1.279792465701570414e+01,6.360402861130092234e+00
1.280359758198091846e+01,6.534824138092997003e+00
1.280926605163492127e+01,6.554122942731313906e+00
1.281493006597771256e+01,6.756199775517869099e+00
1.282058962500929056e+01,6.613482933439168931e+00
1.282624472872965526e+01,6.469977466443278757e+00
1.283189537713880846e+01,6.530773886224359615e+00
1.283754157023675013e+01,6.461983497103978458e+00
1.284318330802347852e+01,6.480541616785298054e+00
1.284882059049899539e+01,6.867660363081263597e+00
1.285445341766329896e+01,6.665949558860090995e+00
1.286008178951638925e+01,6.701418917866370784e+00
1.286570570605826802e+01,6.885500277683910042e+00
1.287132516728893350e+01,6.675614531327831003e+00
1.287694017320838746e+01,6.715497849770313721e+00
1.288255072381662991e+01,6.793397808029720153e+00
1.288815681911365907e+01,7.020393533445998813e+00
1.289375845909947671e+01,6.740862173473910701e+00
1.289935564377408106e+01,6.886901965832620043e+00
1.290494837313747212e+01,6.825602879044643245e+00
1.291053664718965166e+01,6.803262457573551636e+00
1.291612046593061791e+01,6.860002861646758987e+00
1.292169982936037265e+01,6.765366694526518287e+00
1.292727473747891587e+01,6.609959259491895445e+00
1.293284519028624580e+01,6.789643969570573923e+00
1.293841118778236421e+01,6.813262723524108111e+00
1.294397272996726755e+01,6.858375798727326611e+00
1.294952981684096116e+01,6.973100262695340668e+00
1.295508244840344148e+01,6.905449958704958036e+00
1.296063062465470850e+01,6.793057561627504626e+00
1.296617434559476578e+01,6.807475675045927765e+00
1.297171361122360800e+01,6.880311885463403776e+00
1.297724842154123870e+01,6.629772048850965049e+00
1.298277877654765611e+01,6.865767664959199656e+00
1.298830467624286378e+01,7.009677275647963057e+00
1.299382612062685638e+01,6.837829024518941701e+00
1.299934310969963747e+01,6.921828855190994112e+00
1.300485564346120526e+01,6.823346705705286119e+00
1.301036372191156332e+01,6.846713462431946340e+00
1.301586734505070808e+01,6.868155158623258316e+00
1.302136651287863778e+01,6.585290113183970284e+00
1.302686122539535774e+01,6.813587035319687679e+00
1.303235148260086440e+01,6.927351722246692489e+00
1.303783728449515777e+01,6.880632341749260306e+00
1.304331863107823963e+01,6.983775689364796868e+00
1.304879552235010998e+01,7.061151226800695291e+00
1.305426795831076703e+01,6.929090906417779472e+00
1.305973593896021256e+01,6.911387386271079514e+00
1.306519946429844481e+01,6.818276710509007188e+00
1.307065853432546376e+01,6.828686533919405832e+00
1.307611314904126942e+01,6.865232636872681482e+00
1.308156330844586535e+01,7.178952577857217854e+00
1.308700901253924798e+01,7.207912779505191381e+00
1.309245026132141909e+01,7.184623408575377290e+00
1.309788705479237692e+01,7.141719122441269718e+00
1.310331939295212145e+01,6.790709404113526304e+00
1.310874727580065624e+01,6.916794690937532408e+00
1.311417070333797597e+01,6.952886362585266156e+00
1.311958967556408417e+01,7.089737472263967000e+00
1.312500419247898087e+01,7.213872294509139138e+00
1.313041425408266427e+01,7.078751539086576727e+00
1.313581986037513438e+01,6.921394426579253967e+00
1.314122101135639475e+01,7.318349731340479281e+00
1.314661770702644006e+01,7.116439702337650886e+00
1.315200994738527385e+01,6.965105456548521090e+00
1.315739773243289434e+01,7.398023151924903118e+00
1.316278106216930510e+01,7.634363884552175072e+00
1.316815993659450079e+01,7.839111904650479801e+00
1.317353435570848497e+01,7.282377168769810005e+00
1.317890431951125585e+01,7.328097490503248324e+00
1.318426982800281522e+01,7.520317100195547333e+00
1.318963088118316307e+01,7.248211653826748702e+00
1.319498747905229763e+01,7.651992059375262833e+00
