#IRAS-17207-3632_flux_calibrated_x IRAS-17207-3632_flux_calibrated_y
7.315533772101396437e+00,1.438107795585744064e+01
7.324534814542277061e+00,1.532697367126419508e+01
7.333531401671943506e+00,1.569377130183887914e+01
7.342523533490399323e+00,1.672816307184733375e+01
7.351511209997641849e+00,1.587777658806977676e+01
7.360494431193671083e+00,1.620786414515173135e+01
7.369473197078489690e+00,1.662021681671210160e+01
7.378447507652095005e+00,1.637183959118267396e+01
7.387417362914487917e+00,1.597375004085257721e+01
7.396382762865668425e+00,1.602115680501461625e+01
7.405343707505636530e+00,1.528973458398475316e+01
7.414300196834392231e+00,1.517331250449113611e+01
7.423252230851935529e+00,1.470919303397606548e+01
7.432199809558267312e+00,1.519652519191891749e+01
7.441142932953384914e+00,1.493269824719644490e+01
7.450081601037291001e+00,1.582561280840639384e+01
7.459015813809985573e+00,1.546795219722184989e+01
7.467945571271466854e+00,1.549784624347681827e+01
7.476870873421734842e+00,1.536279858027030265e+01
7.485791720260792204e+00,1.533505068212611455e+01
7.494708111788636273e+00,1.509833885071486037e+01
7.503620048005267940e+00,1.601645727510227957e+01
7.512527528910687202e+00,1.555038782350739091e+01
7.521430554504894062e+00,1.576851332455254351e+01
7.530329124787888517e+00,1.540034332754400381e+01
7.539223239759670570e+00,1.501194623898505220e+01
7.548112899420240218e+00,1.473123300050519546e+01
7.556998103769597463e+00,1.468420258206282547e+01
7.565878852807743193e+00,1.395840994267814317e+01
7.574755146534675632e+00,1.397982561334085361e+01
7.583626984950395666e+00,1.357544824188344812e+01
7.592494368054903298e+00,1.392471823804694431e+01
7.601357295848197637e+00,1.399233606980437195e+01
7.610215768330281350e+00,1.463419023703521304e+01
7.619069785501151770e+00,1.444174021433054200e+01
7.627919347360809788e+00,1.457415842659172966e+01
7.636764453909255401e+00,1.413925992189405001e+01
7.645605105146489500e+00,1.380512065551584477e+01
7.654441301072509418e+00,1.322933263509925972e+01
7.663273041687318710e+00,1.358688122933305031e+01
7.672100326990913821e+00,1.321101738319105579e+01
7.680923156983298306e+00,1.346680144311564575e+01
7.689741531664468610e+00,1.357889728810671848e+01
7.698555451034429176e+00,1.353867257868339280e+01
7.707364915093174673e+00,1.365890081483504304e+01
7.716169923840708655e+00,1.423403028496973199e+01
7.724970477277031122e+00,1.426844936312259904e+01
7.733766575402139409e+00,1.545261701139026300e+01
7.742558218216037069e+00,1.528757105728230847e+01
7.751345405718722326e+00,1.544834454010336167e+01
7.760128137910193402e+00,1.503631727867787404e+01
7.768906414790452963e+00,1.436059971002569569e+01
7.777680236359499233e+00,1.495113577532743498e+01
7.786449602617333987e+00,1.570166188374297889e+01
7.795214513563958114e+00,1.605294307327960723e+01
7.803974969199368061e+00,1.699814112971641222e+01
7.812730969523565605e+00,1.707069954212831320e+01
7.821482514536550745e+00,1.764332000892884977e+01
7.830229604238323482e+00,1.718642598808832744e+01
7.838972238628883815e+00,1.708637481845648409e+01
7.847710417708231745e+00,1.682809777505967475e+01
7.856444141476368159e+00,1.692285566314605205e+01
7.865173409933290394e+00,1.646745797423805868e+01
7.873898223079002001e+00,1.626111471400911768e+01
7.882618580913500317e+00,1.594961515174367683e+01
7.891334483436785341e+00,1.595084904839687745e+01
7.900045930648860626e+00,1.548803125018944726e+01
7.908752922549720843e+00,1.570628571089842218e+01
7.917455459139369545e+00,1.526371483607657531e+01
7.926153540417806731e+00,1.450692701902760362e+01
7.934847166385030626e+00,1.477872349741961067e+01
7.943536337041041229e+00,1.460263740395757459e+01
7.952221052385841205e+00,1.504531942587172111e+01
7.960901312419427001e+00,1.489302897899455225e+01
7.969577117141801281e+00,1.533347641102161063e+01
7.978248466552964935e+00,1.562615083899706647e+01
7.986915360652914408e+00,1.563737223347146887e+01
7.995577799441651479e+00,1.568724934175844332e+01
8.004235782919176145e+00,1.528536644445565962e+01
8.012889311085487520e+00,1.523420162806021949e+01
8.021538383940589156e+00,1.516339746921186205e+01
8.030183001484475724e+00,1.508303236482934651e+01
8.038823163717152553e+00,1.475425180398571712e+01
8.047458870638614314e+00,1.477302279332898216e+01
8.056090122248862784e+00,1.436332725976155444e+01
8.064716918547901514e+00,1.405379033940009137e+01
8.073339259535726953e+00,1.358037179865200450e+01
8.081957145212340876e+00,1.353053920346257932e+01
8.090570575577741508e+00,1.302924624616858651e+01
8.099179550631930624e+00,1.299502719426839370e+01
8.107784070374906449e+00,1.261788189696941309e+01
8.116384134806668982e+00,1.270710297149349088e+01
8.124979743927221776e+00,1.237342410247851454e+01
8.133570897736559502e+00,1.238779036683192558e+01
8.142157596234685712e+00,1.208376599253805317e+01
8.150739839421600408e+00,1.211458982789239869e+01
8.159317627297301811e+00,1.193365605790571671e+01
8.167890959861791700e+00,1.172069775298968963e+01
8.176459837115066520e+00,1.146943331989093551e+01
8.185024259057131601e+00,1.135300798731805649e+01
8.193584225687983391e+00,1.119523755808170051e+01
8.202139737007623665e+00,1.085223262949506662e+01
8.210690793016050648e+00,1.090593294240977507e+01
8.219237393713266115e+00,1.049983971945564498e+01
8.227779539099268291e+00,1.049559963417436492e+01
8.236317229174057175e+00,1.054650439453096311e+01
8.244850463937634544e+00,1.044602946807269994e+01
8.253379243390000397e+00,1.040983487651437223e+01
8.261903567531152959e+00,1.039158384263751245e+01
8.270423436361094005e+00,1.036627445042891438e+01
8.278938849879819983e+00,1.017235509623209566e+01
8.287449808087336223e+00,1.004956073128543714e+01
8.295956310983639170e+00,9.933087162097473666e+00
8.304458358568730603e+00,9.787361899536049847e+00
8.312955950842608743e+00,9.672181980999500439e+00
8.321449087805273592e+00,9.504771287728461360e+00
8.329937769456726926e+00,9.503450537216082239e+00
8.338421995796970521e+00,9.465185534062436901e+00
8.346901766825997271e+00,9.354075745180939094e+00
8.355377082543814282e+00,9.062811104344904223e+00
8.363847942950418002e+00,9.188078563276823374e+00
8.372314348045810206e+00,9.026464292302103232e+00
8.380776297829989119e+00,8.935830751634767921e+00
8.389233792302954740e+00,8.728761337713713431e+00
8.397686831464708845e+00,8.771956663107019381e+00
8.406135415315251436e+00,8.549191166440005318e+00
8.414579543854580734e+00,8.586779449681671395e+00
8.423019217082698518e+00,8.568661877985297437e+00
8.431454434999603009e+00,8.567833868213565296e+00
8.439885197605294209e+00,8.278553181699196628e+00
8.448311504899775670e+00,8.375417388942821617e+00
8.456733356883043840e+00,8.148494680119053868e+00
8.465150753555096941e+00,8.148038179785263679e+00
8.473563694915940303e+00,7.613436849771079373e+00
8.481972180965570374e+00,8.134701160281121446e+00
8.490376211703987153e+00,7.543847776279118733e+00
8.498775787131194193e+00,7.778098567162103905e+00
8.507170907247186165e+00,7.572707182661883252e+00
8.515561572051968398e+00,7.494992778094311525e+00
8.523947781545535562e+00,7.340479814310286955e+00
8.532329535727892988e+00,7.268509770521297320e+00
8.540706834599035346e+00,7.050648793559009420e+00
8.549079678158966189e+00,7.073276218708113738e+00
8.557448066407685516e+00,6.972492716039436544e+00
8.565811999345191552e+00,6.894003656553083559e+00
8.574171476971486072e+00,6.837043290029988896e+00
8.582526499286567301e+00,6.771087230782637967e+00
8.590877066290435238e+00,6.543332336809831951e+00
8.599223177983091659e+00,6.601938916684456871e+00
8.607564834364536566e+00,6.361722358314581882e+00
8.615902035434768180e+00,6.304363229872985919e+00
8.624234781193786503e+00,6.081668987916326152e+00
8.632563071641593311e+00,6.164556758093004518e+00
8.640886906778190379e+00,5.949567039852167838e+00
8.649206286603570604e+00,5.953002605026919802e+00
8.657521211117741089e+00,5.819007970153496245e+00
8.665831680320700059e+00,5.745138952799623944e+00
8.674137694212443961e+00,5.551485820320449349e+00
8.682439252792976347e+00,5.469459594944958702e+00
8.690736356062297219e+00,5.344462492420797517e+00
8.699029004020404798e+00,5.323039124596339988e+00
8.707317196667299086e+00,5.052456910783373445e+00
8.715600934002981859e+00,5.173935544288395860e+00
8.723880216027453116e+00,4.899006745682275010e+00
8.732155042740711082e+00,4.962737063502427048e+00
8.740425414142757532e+00,4.450576067164209171e+00
8.748691330233590691e+00,4.864004096336172367e+00
8.756952791013212334e+00,4.426137013966766176e+00
8.765209796481618909e+00,4.581119857369743364e+00
8.773462346638815745e+00,4.210022646783852629e+00
8.781710441484801066e+00,4.386522361806052039e+00
8.789954081019571319e+00,4.051394413438864639e+00
8.798193265243130057e+00,4.117536880058987769e+00
8.806427994155477279e+00,3.842248008045184182e+00
8.814658267756611210e+00,3.794371559580410391e+00
8.822884086046531849e+00,3.645131155471667661e+00
8.831105449025242748e+00,3.583963552229582739e+00
8.839322356692738580e+00,3.465567368159669481e+00
8.847534809049024673e+00,3.422159745218245064e+00
8.855742806094095698e+00,3.223493216012606855e+00
8.863946347827956984e+00,3.244321044118521957e+00
8.872145434250603202e+00,3.079968555394208440e+00
8.880340065362037905e+00,3.023695442505036635e+00
8.888530241162261092e+00,2.897652656369554158e+00
8.896715961651270987e+00,2.843112133035208711e+00
8.904897226829069368e+00,2.711792607614764705e+00
8.913074036695654456e+00,2.644770286388669067e+00
8.921246391251026253e+00,2.515376369133699885e+00
8.929414290495186535e+00,2.438364917059894665e+00
8.937577734428135301e+00,2.319108461266275345e+00
8.945736723049872552e+00,2.243059082559647255e+00
8.953891256360394735e+00,2.144848039838146647e+00
8.962041334359705402e+00,2.106503246870735424e+00
8.970186957047802778e+00,1.930899005315666495e+00
8.978328124424690415e+00,1.965117921482520735e+00
8.986464836490364760e+00,1.831327629432030202e+00
8.994597093244824038e+00,1.777853923798461411e+00
9.002724894688075352e+00,1.604095045123482111e+00
9.010848240820109822e+00,1.674705150674434595e+00
9.018967131640934554e+00,1.552711494497142297e+00
9.027081567150545993e+00,1.529271487757199566e+00
9.035191547348945917e+00,1.421103666395232779e+00
9.043297072236132550e+00,1.408773531713707339e+00
9.051398141812105891e+00,1.284329920149045012e+00
9.059494756076869493e+00,1.272167738110584034e+00
9.067586915030419803e+00,1.223180045721030895e+00
9.075674618672756822e+00,1.214789179601189373e+00
9.083757867003882325e+00,1.134642217618123672e+00
9.091836660023792760e+00,1.123428396565725462e+00
9.099910997732493456e+00,1.090022924672767068e+00
9.107980880129980861e+00,1.068937249157779323e+00
9.116046307216256750e+00,1.038107528276791536e+00
9.124107278991319347e+00,1.036628274642459990e+00
9.132163795455170430e+00,9.667403710022629548e-01
9.140215856607808220e+00,9.648265039853248792e-01
9.148263462449234495e+00,9.169921882653473411e-01
9.156306612979447479e+00,9.138853622186661196e-01
9.164345308198448947e+00,8.630922221749416368e-01
9.172379548106235347e+00,8.386662719134002630e-01
9.180409332702812009e+00,8.209206497392397273e-01
9.188434661988175378e+00,8.045633768100000083e-01
9.196455535962327232e+00,7.678113604252286839e-01
9.204471954625265795e+00,7.576242956206200585e-01
9.212483917976992842e+00,7.512181411230375305e-01
9.220491426017506598e+00,7.289040161231586934e-01
9.228494478746808838e+00,7.098115687962267550e-01
9.236493076164897786e+00,6.953549286210768399e-01
9.244487218271775220e+00,6.722339603113242079e-01
9.252476905067439361e+00,6.621814516685282648e-01
9.260462136551890211e+00,6.439293408723790746e-01
9.268442912725129545e+00,6.745230859987164651e-01
9.276419233587159141e+00,6.471659880279684307e-01
9.284391099137971892e+00,6.420817300546326489e-01
9.292358509377574904e+00,6.199843325938847460e-01
9.300321464305966401e+00,6.032048419778126558e-01
9.308279963923142830e+00,6.082210362526290215e-01
9.316234008229107744e+00,6.080079331314061086e-01
9.324183597223861142e+00,6.066464801945962160e-01
9.332128730907401248e+00,5.940623890539036278e-01
9.340069409279729840e+00,5.864632930806407130e-01
9.348005632340845139e+00,5.618159171948270414e-01
9.355937400090748923e+00,5.513423819935493464e-01
9.363864712529437639e+00,5.603653603342492184e-01
9.371787569656918393e+00,5.724233280620565356e-01
9.379705971473182302e+00,5.891062320304166766e-01
9.387619917978236472e+00,5.968933195118767410e-01
9.395529409172079127e+00,5.560907613464718402e-01
9.403434445054706714e+00,5.333973894332483257e-01
9.411335025626122786e+00,5.268510511516887318e-01
9.419231150886327342e+00,5.725579783910551557e-01
9.427122820835318606e+00,5.844907296407316766e-01
9.435010035473098355e+00,6.056101540773461966e-01
9.442892794799664813e+00,5.780245066909124318e-01
9.450771098815019755e+00,6.069592833982193625e-01
9.458644947519161406e+00,5.925044124763120257e-01
9.466514340912091541e+00,5.731188858698954558e-01
9.474379278993808384e+00,6.112227613353625744e-01
9.482239761764311936e+00,6.530877993136301463e-01
9.490095789223603973e+00,6.305673683325279111e-01
9.497947361371684494e+00,5.933276461120065015e-01
9.505794478208551723e+00,5.821912514931425475e-01
9.513637139734207437e+00,6.211070311178793490e-01
9.521475345948649860e+00,5.914281414788440383e-01
9.529309096851882543e+00,5.589354169376095083e-01
9.537138392443900159e+00,5.206994126228554620e-01
9.544963232724704483e+00,5.245235958234241158e-01
9.552783617694297291e+00,5.187912718811981128e-01
9.560599547352678584e+00,5.289506531427122793e-01
9.568411021699846586e+00,5.345502473466495763e-01
9.576218040735803072e+00,5.321839435686261943e-01
9.584020604460546267e+00,5.288560573804038656e-01
9.591818712874076169e+00,5.366255552634098258e-01
9.599612365976394557e+00,5.359363213904771994e-01
9.607401563767503205e+00,5.077238488974391561e-01
9.615186306247396786e+00,4.217989560381125713e-01
9.622966593416078851e+00,4.323912348470655975e-01
9.630742425273547624e+00,4.597278383028531312e-01
9.638513801819803106e+00,4.550628374575704238e-01
9.646280723054848849e+00,4.654242973794803784e-01
9.654043188978679524e+00,4.864179151828926795e-01
9.661801199591298683e+00,5.520009911752933318e-01
9.669554754892706327e+00,5.439140267072533064e-01
9.677303854882900680e+00,5.042946425196990212e-01
9.685048499561883517e+00,5.201367490494130941e-01
9.692788688929653063e+00,4.935705398141215228e-01
9.700524422986211093e+00,4.779885705667500373e-01
9.708255701731555831e+00,4.950114091728226029e-01
9.715982525165687278e+00,4.773205889760109844e-01
9.723704893288608986e+00,4.637729930808834333e-01
9.731422806100317402e+00,4.581403094087812544e-01
9.739136263600812526e+00,4.157055885034453002e-01
9.746845265790094359e+00,4.084585718783156905e-01
9.754549812668166453e+00,3.902843534539738868e-01
9.762249904235023479e+00,4.245950619724452868e-01
9.769945540490670766e+00,4.372986656652078641e-01
9.777636721435104761e+00,4.816293768917597196e-01
9.785323447068325464e+00,4.619550835210146644e-01
9.793005717390334652e+00,4.337123795022549966e-01
9.800683532401130549e+00,4.390006948420678845e-01
9.808356892100713154e+00,4.431472091025857596e-01
9.816025796489086019e+00,4.403163255355757588e-01
9.823690245566243817e+00,4.361624936375682049e-01
9.831350239332190100e+00,4.435464747772266403e-01
9.839005777786924867e+00,4.296979573806968822e-01
9.846656860930446342e+00,4.214613847311662886e-01
9.854303488762756302e+00,4.199562705376335137e-01
9.861945661283854747e+00,4.057846531635584952e-01
9.869583378493738124e+00,4.334130902643539285e-01
9.877216640392409985e+00,4.385785615178500185e-01
9.884845446979870331e+00,4.235553806100650354e-01
9.892469798256117386e+00,4.243326598263438831e-01
9.900089694221152925e+00,4.427105060315263962e-01
9.907705134874975172e+00,4.390851066964543414e-01
9.915316120217585905e+00,4.512900531907941271e-01
9.922922650248983345e+00,4.546200104238900530e-01
9.930524724969169270e+00,4.597741509503468493e-01
9.938122344378141904e+00,4.514205845747515378e-01
9.945715508475903022e+00,4.508042350391704423e-01
9.953304217262450848e+00,4.632958720936316555e-01
9.960888470737787159e+00,4.740600079544471934e-01
9.968468268901910179e+00,4.830193728681188015e-01
9.976043611754821683e+00,4.879616089821597336e-01
9.983614499296519895e+00,4.874444425802330616e-01
9.991180931527006592e+00,4.736450251640772491e-01
9.998742908446279998e+00,4.799923573190029158e-01
1.000630043005434011e+01,4.789217005278535999e-01
1.001385349635119049e+01,5.426388899257863496e-01
1.002140210733682757e+01,5.181808875680107285e-01
1.002894626301125136e+01,5.204639602659757447e-01
1.003648596337446186e+01,5.370944315975257899e-01
1.004402120842646262e+01,5.461684458581421708e-01
1.005155199816724831e+01,5.474853916713385837e-01
1.005907833259682427e+01,5.693578835348080958e-01
1.006660021171518693e+01,5.725223400880844471e-01
1.007411763552233630e+01,5.848853898697745635e-01
1.008163060401827416e+01,5.608500432453773499e-01
1.008913911720299872e+01,5.780101400110736476e-01
1.009664317507651177e+01,5.873357608156095644e-01
1.010414277763881152e+01,5.781167287641235664e-01
1.011163792488989976e+01,5.658086789915132142e-01
1.011912861682977471e+01,5.808686167592016503e-01
1.012661485345843637e+01,5.950946145911495400e-01
1.013409663477588651e+01,5.858235516604265447e-01
1.014157396078212514e+01,6.063127879381796648e-01
1.014904683147715048e+01,6.104072933778214027e-01
1.015651524686096607e+01,5.936800742427934541e-01
1.016397920693356660e+01,6.075458167515567220e-01
1.017143871169495384e+01,5.988428307927324834e-01
1.017889376114512956e+01,6.140389572037370236e-01
1.018634435528409554e+01,5.977230190574256419e-01
1.019379049411184468e+01,6.207455533249133239e-01
1.020123217762838408e+01,6.409179460888999591e-01
1.020866940583371196e+01,6.629715947333980619e-01
1.021610217872782478e+01,6.332238814335406918e-01
1.022353049631072786e+01,6.630077726312777475e-01
1.023095435858241586e+01,6.564057931188173045e-01
1.023837376554289413e+01,6.784990743277485858e-01
1.024578871719215734e+01,6.329162218473769475e-01
1.025319921353021080e+01,7.106314990125978115e-01
1.026060525455704919e+01,6.748547770891329955e-01
1.026800684027267785e+01,7.159677861981997848e-01
1.027540397067709321e+01,6.950688092582277822e-01
1.028279664577029351e+01,7.349220981660591345e-01
1.029018486555228407e+01,7.237728431574307342e-01
1.029756863002306311e+01,7.366393835563089798e-01
1.030494793918262708e+01,7.275792696322479491e-01
1.031232279303097954e+01,7.656979957330740660e-01
1.031969319156812048e+01,7.423461134956585994e-01
1.032705913479404991e+01,7.610709336157588378e-01
1.033442062270876427e+01,7.610910922088627295e-01
1.034177765531226711e+01,7.913124363998255140e-01
1.034913023260455844e+01,7.688920312753158015e-01
1.035647835458563648e+01,7.907592431829063573e-01
1.036382202125550300e+01,7.808066868364936797e-01
1.037116123261415801e+01,7.717554198592369019e-01
1.037849598866159795e+01,7.699103434034176852e-01
1.038582628939782815e+01,8.229816120952622160e-01
1.039315213482284328e+01,8.246604307865392780e-01
1.040047352493664690e+01,8.208656548206397785e-01
1.040779045973923900e+01,8.232741908278067289e-01
1.041510293923061781e+01,8.218526788585672760e-01
1.042241096341078688e+01,8.148575624722345090e-01
1.042971453227974088e+01,8.432431423257913394e-01
1.043701364583748337e+01,8.407033868388364972e-01
1.044430830408401256e+01,8.743752480471017607e-01
1.045159850701932847e+01,8.327186074473834632e-01
1.045888425464343463e+01,8.519267015361102757e-01
1.046616554695632750e+01,8.628058534995001194e-01
1.047344238395800708e+01,8.893086910696544889e-01
1.048071476564847515e+01,8.378801661430963499e-01
1.048798269202772993e+01,9.433468873931393217e-01
1.049524616309577141e+01,8.957436031381782460e-01
1.050250517885260315e+01,9.069821079353458382e-01
1.050975973929821983e+01,8.797501813255608205e-01
1.051700984443262676e+01,9.203742304414858078e-01
1.052425549425581863e+01,9.136847509835213099e-01
1.053149668876780076e+01,9.274949323083443442e-01
1.053873342796856782e+01,9.309851657142457215e-01
1.054596571185812515e+01,9.398969240032920558e-01
1.055319354043646918e+01,9.488169897346934167e-01
1.056041691370359992e+01,9.383132372524016773e-01
1.056763583165951914e+01,9.142553035177218845e-01
1.057485029430422507e+01,9.218301635516555903e-01
1.058206030163771949e+01,9.278602442242552817e-01
1.058926585366000062e+01,9.462454650362638331e-01
1.059646695037107023e+01,9.329246480151774934e-01
1.060366359177092654e+01,9.727144958294783317e-01
1.061085577785957135e+01,9.527752524110039145e-01
1.061804350863700286e+01,1.008369590862457477e+00
1.062522678410322285e+01,9.850683679270973991e-01
1.063240560425822956e+01,9.770345522924404058e-01
1.063957996910202475e+01,9.671869800307344445e-01
1.064674987863460842e+01,9.848105931942747748e-01
1.065391533285597703e+01,9.841236167256481870e-01
1.066107633176613589e+01,1.000966727914517795e+00
1.066823287536507969e+01,1.018454071224177415e+00
1.067538496365281375e+01,1.045857437089102726e+00
1.068253259662933274e+01,1.027348386887916076e+00
1.068967577429464200e+01,1.065357668938142099e+00
1.069681449664873618e+01,1.023082012470284186e+00
1.070394876369161885e+01,1.089945540870804308e+00
1.071107857542329000e+01,1.010826783870312662e+00
1.071820393184374964e+01,1.173092827359573542e+00
1.072532483295299599e+01,1.088153434770254613e+00
1.073244127875102905e+01,1.133181016838843647e+00
1.073955326923784881e+01,1.134891527651241461e+00
1.074666080441345883e+01,1.185721020158256644e+00
1.075376388427785557e+01,1.156052869546148276e+00
1.076086250883103901e+01,1.175153184965535003e+00
1.076795667807301093e+01,1.175579041336596298e+00
1.077504639200376957e+01,1.196363147565398632e+00
1.078213165062331669e+01,1.192565780615391979e+00
1.078921245393165051e+01,1.223516085856418023e+00
1.079628880192877283e+01,1.182887893216155062e+00
1.080336069461468185e+01,1.234853725792059320e+00
1.081042813198937935e+01,1.218389224537910431e+00
1.081749111405286357e+01,1.238615812523729875e+00
1.082454964080513626e+01,1.215496925793547733e+00
1.083160371224619745e+01,1.255695637847725976e+00
1.083865332837604356e+01,1.234513443882059969e+00
1.084569848919467994e+01,1.265279115581770197e+00
1.085273919470210302e+01,1.251643321320655700e+00
1.085977544489831104e+01,1.286365302825335677e+00
1.086680723978330931e+01,1.271996676508872159e+00
1.087383457935709608e+01,1.298532054009581715e+00
1.088085746361966955e+01,1.285614581842480231e+00
1.088787589257102795e+01,1.343254088747964259e+00
1.089488986621117661e+01,1.307142354932859130e+00
1.090189938454011376e+01,1.358751441043961616e+00
1.090890444755783761e+01,1.299259392791828782e+00
1.091590505526434818e+01,1.397743345966141248e+00
1.092290120765964723e+01,1.399511156345427443e+00
1.092989290474373298e+01,1.423044146920033892e+00
1.093688014651660723e+01,1.329628405686958947e+00
1.094386293297826818e+01,1.488276584668348113e+00
1.095084126412871761e+01,1.430909554152641316e+00
1.095781513996795375e+01,1.484394766365405127e+00
1.096478456049597838e+01,1.424142414902767273e+00
1.097174952571278972e+01,1.471920828566021466e+00
1.097871003561839132e+01,1.440135949304720553e+00
1.098566609021277785e+01,1.471460385992666264e+00
1.099261768949595286e+01,1.458373597521352094e+00
1.099956483346791458e+01,1.463943070183536310e+00
1.100650752212866301e+01,1.463172082058093126e+00
1.101344575547820170e+01,1.538466087346175737e+00
1.102037953351652710e+01,1.534522198405755766e+00
1.102730885624363921e+01,1.549356528206901507e+00
1.103423372365953981e+01,1.508206376903517887e+00
1.104115413576422711e+01,1.543930493009890714e+00
1.104807009255770289e+01,1.511958573683405582e+00
1.105498159403996539e+01,1.590341642688452461e+00
1.106188864021101814e+01,1.605807853650004668e+00
1.106879123107085405e+01,1.583930658529002056e+00
1.107568936661948200e+01,1.587645076217116591e+00
1.108258304685689488e+01,1.583400454590632167e+00
1.108947227178309625e+01,1.574559551781162581e+00
1.109635704139808432e+01,1.639443552997376763e+00
1.110323735570186088e+01,1.603038566374922036e+00
1.111011321469442414e+01,1.615207563249689171e+00
1.111698461837577590e+01,1.623435052869250939e+00
1.112385156674591435e+01,1.623092737688988318e+00
1.113071405980484130e+01,1.627658211612431627e+00
1.113757209755255495e+01,1.673086147377057964e+00
1.114442567998905709e+01,1.644561353849632201e+00
1.115127480711434593e+01,1.719921771881919081e+00
1.115811947892842326e+01,1.614865929429555313e+00
1.116495969543128908e+01,1.792533102194345807e+00
1.117179545662294160e+01,1.697900465533396464e+00
1.117862676250338083e+01,1.758571905098389454e+00
1.118545361307260855e+01,1.730358910344647949e+00
1.119227600833062297e+01,1.749364127453947759e+00
1.119909394827742588e+01,1.741412518085301064e+00
1.120590743291301727e+01,1.813787688269432596e+00
1.121271646223739360e+01,1.813082544596522627e+00
1.121952103625056019e+01,1.863589056216180539e+00
1.122632115495251171e+01,1.844891341208047875e+00
1.123311681834325348e+01,1.869785115600431258e+00
1.123990802642278020e+01,1.816594335136306082e+00
1.124669477919109539e+01,1.889055296981671184e+00
1.125347707664819907e+01,1.881390043912254173e+00
1.126025491879409124e+01,1.954653503967269446e+00
1.126702830562877011e+01,1.998301309739907605e+00
1.127379723715223570e+01,2.042825326918830342e+00
1.128056171336448799e+01,1.992812013494272838e+00
1.128732173426553054e+01,2.075435158453373230e+00
1.129407729985535980e+01,2.060658979222148801e+00
1.130082841013397754e+01,2.068491214002969869e+00
1.130757506510138022e+01,2.088750898117009758e+00
1.131431726475757138e+01,2.170324966882881679e+00
1.132105500910255103e+01,2.172467417005631507e+00
1.132778829813631738e+01,2.258677256147129775e+00
1.133451713185887400e+01,2.231872096167074382e+00
1.134124151027021377e+01,2.285763833324601091e+00
1.134796143337034557e+01,2.201852688939446079e+00
1.135467690115926409e+01,2.349548956054695381e+00
1.136138791363696754e+01,2.364529776573033981e+00
1.136809447080345947e+01,2.387786200956970806e+00
1.137479657265873989e+01,2.317053374203994043e+00
1.138149421920280702e+01,2.582445599489258559e+00
1.138818741043566263e+01,2.506607712191087245e+00
1.139487614635730672e+01,2.599217062329532091e+00
1.140156042696773575e+01,2.553624557762936842e+00
1.140824025226695504e+01,2.704354107347317626e+00
1.141491562225496104e+01,2.671880448860608936e+00
1.142158653693175374e+01,2.751727367404133151e+00
1.142825299629733493e+01,2.774421859693393166e+00
1.143491500035170461e+01,2.900143320306799222e+00
1.144157254909486099e+01,2.888976346182077659e+00
1.144822564252680408e+01,2.986672143193998874e+00
1.145487428064753388e+01,2.975628317566853198e+00
1.146151846345705394e+01,3.149292878719134769e+00
1.146815819095536071e+01,3.162911320665076520e+00
1.147479346314245419e+01,3.341870587045875141e+00
1.148142428001833615e+01,3.335702301192881691e+00
1.148805064158300482e+01,3.424666591527271375e+00
1.149467254783646197e+01,3.487920941966155208e+00
1.150128999877870584e+01,3.513234318720131366e+00
1.150790299440973818e+01,3.522743282762124117e+00
1.151451153472955724e+01,3.645600486158060427e+00
1.152111561973816656e+01,3.662070076713361821e+00
1.152771524943556081e+01,3.761486062972064115e+00
1.153431042382174176e+01,3.760164066591257015e+00
1.154090114289671298e+01,3.849703603819342401e+00
1.154748740666047091e+01,3.900492953113651406e+00
1.155406921511301555e+01,4.071310209709205097e+00
1.156064656825434867e+01,3.901823834520352197e+00
1.156721946608446849e+01,4.072200534201402711e+00
1.157378790860337858e+01,4.034983518640507860e+00
1.158035189581107360e+01,4.107432968424818753e+00
1.158691142770755711e+01,4.063295717600269086e+00
1.159346650429282732e+01,4.518900307686472217e+00
1.160001712556688602e+01,4.262193109336846142e+00
1.160656329152973143e+01,4.370976780880587498e+00
1.161310500218136532e+01,4.351656167698173761e+00
1.161964225752178592e+01,4.495449880537704779e+00
1.162617505755099501e+01,4.421635078688796128e+00
1.163270340226899258e+01,4.521611444785101241e+00
1.163922729167577508e+01,4.480068225680514438e+00
1.164574672577134784e+01,4.528136312172580169e+00
1.165226170455570731e+01,4.481649926487241586e+00
1.165877222802885349e+01,4.662467158427294756e+00
1.166527829619078815e+01,4.599931298265505397e+00
1.167177990904150953e+01,4.843023346154473607e+00
1.167827706658101938e+01,4.789485954447281202e+00
1.168476976880931772e+01,4.887207575121249370e+00
1.169125801572640100e+01,4.830003640080781757e+00
1.169774180733227453e+01,4.915733096643053024e+00
1.170422114362693478e+01,4.871437423503650166e+00
1.171069602461038173e+01,5.094313292676534211e+00
1.171716645028261716e+01,4.898267029817858109e+00
1.172363242064363931e+01,5.067206903949882602e+00
1.173009393569344994e+01,5.010220964922760700e+00
1.173655099543204905e+01,5.198871217993166205e+00
1.174300359985943309e+01,5.108260240734771251e+00
1.174945174897560740e+01,5.188743123320318951e+00
1.175589544278056842e+01,5.240783607430021362e+00
1.176233468127431614e+01,5.540894055988959011e+00
1.176876946445685235e+01,5.313959327685521927e+00
1.177519979232817526e+01,5.586560637556182485e+00
1.178162566488828844e+01,5.549630423252478906e+00
1.178804708213718655e+01,5.719035437239941899e+00
1.179446404407487137e+01,5.529846888341053202e+00
1.180087655070134645e+01,6.219032986528654661e+00
1.180728460201660823e+01,5.759485979370265518e+00
1.181368819802065673e+01,5.932599084859789151e+00
1.182008733871349371e+01,5.874146566276591486e+00
1.182648202409511740e+01,6.165614384380797119e+00
1.183287225416553134e+01,6.143511614530245524e+00
1.183925802892473023e+01,6.277970505863266659e+00
1.184563934837271759e+01,6.187870930644601586e+00
1.185201621250949167e+01,6.368222879291742800e+00
1.185838862133505422e+01,6.065562609434894448e+00
1.186475657484940349e+01,6.313814941605474296e+00
1.187112007305254124e+01,6.233833214184084426e+00
1.187747911594446748e+01,6.287348312571475084e+00
1.188383370352517865e+01,6.244071312016035158e+00
1.189018383579468008e+01,6.330298760256540369e+00
1.189652951275296822e+01,6.333844035151557250e+00
1.190287073440004484e+01,6.455328920709937357e+00
1.190920750073590639e+01,6.496900721114667654e+00
1.191553981176055643e+01,6.703785907425880097e+00
1.192186766747399496e+01,6.763912755522015097e+00
1.192819106787622196e+01,6.871913284716506531e+00
1.193451001296723568e+01,6.851225943803523677e+00
1.194082450274703611e+01,7.012020563535755535e+00
1.194713453721562502e+01,6.935364914423651328e+00
1.195344011637300241e+01,7.236444770497044487e+00
1.195974124021916651e+01,7.399959696725765923e+00
1.196603790875411732e+01,7.601683714542323500e+00
1.197233012197785662e+01,7.341624513783002293e+00
1.197861787989038262e+01,7.759636364400938291e+00
1.198490118249169711e+01,7.680100143946456015e+00
1.199118002978179831e+01,8.075117271518827522e+00
1.199745442176068799e+01,7.704212925926897881e+00
1.200372435842836616e+01,8.588776431333583261e+00
1.200998983978483103e+01,8.108093746690684611e+00
1.201625086583008262e+01,8.391694192265871877e+00
1.202250743656412268e+01,8.201393681243160927e+00
1.202875955198694946e+01,8.569950866199992134e+00
1.203500721209856650e+01,8.405317685446055620e+00
1.204125041689896847e+01,8.737023674326744427e+00
1.204748916638815892e+01,8.693516307840084778e+00
1.205372346056613608e+01,8.750759092875137313e+00
1.205995329943290173e+01,8.648175025336328758e+00
1.206617868298845586e+01,8.873987042849536877e+00
1.207239961123279492e+01,8.891231227019316563e+00
1.207861608416592425e+01,9.063588958469859236e+00
1.208482810178783851e+01,9.235728878747490711e+00
1.209103566409854302e+01,9.508489463541142328e+00
1.209723877109803425e+01,9.255668656841473663e+00
1.210343742278631218e+01,9.095475401309238705e+00
1.210963161916338038e+01,9.328383833890072196e+00
1.211582136022923351e+01,9.585678901815803954e+00
1.212200664598387512e+01,9.461944704183300914e+00
1.212818747642730344e+01,9.989040056620156705e+00
1.213436385155952024e+01,9.932407417576788689e+00
1.214053577138052376e+01,1.009060330909275116e+01
1.214670323589031575e+01,9.770566938870519635e+00
1.215286624508889624e+01,1.011590453306638615e+01
1.215902479897626343e+01,9.685613860639051609e+00
1.216517889755241733e+01,1.002901298946174791e+01
1.217132854081735971e+01,1.013512910588021398e+01
1.217747372877108880e+01,1.057990900588661454e+01
1.218361446141360638e+01,1.040987743496023299e+01
1.218975073874491244e+01,1.050435089484482098e+01
1.219588256076500521e+01,1.004263123957655424e+01
1.220200992747388469e+01,1.096671563088525581e+01
1.220813283887155265e+01,1.047125089894973726e+01
1.221425129495800732e+01,1.087830396050165049e+01
1.222036529573325048e+01,1.089782391764386560e+01
1.222647484119728212e+01,1.109338746522601049e+01
1.223257993135010047e+01,1.080900454061666416e+01
1.223868056619170730e+01,1.085094429476727207e+01
1.224477674572209907e+01,1.067228340755016802e+01
1.225086846994128109e+01,1.101014867573820410e+01
1.225695573884924805e+01,1.096174277993978485e+01
1.226303855244600527e+01,1.119401431144811809e+01
1.226911691073154920e+01,1.133532930902390667e+01
1.227519081370587983e+01,1.145365052649101756e+01
1.228126026136900073e+01,1.135550682442081971e+01
1.228732525372090656e+01,1.154761963162818716e+01
1.229338579076159910e+01,1.136476188144247068e+01
1.229944187249108190e+01,1.151099171814270328e+01
1.230549349890935140e+01,1.140481116703866782e+01
1.231154067001640939e+01,1.165758468215376098e+01
1.231758338581225232e+01,1.138879656016687925e+01
1.232362164629688550e+01,1.174177159112615065e+01
1.232965545147030539e+01,1.159787857782279730e+01
1.233568480133251200e+01,1.149095616590378555e+01
1.234170969588350708e+01,1.173607061800147555e+01
1.234773013512329065e+01,1.216805221936566284e+01
1.235374611905186093e+01,1.195495020927294050e+01
1.235975764766921792e+01,1.209863181968602319e+01
1.236576472097536339e+01,1.147924667833208012e+01
1.237176733897029557e+01,1.205841399661503566e+01
1.237776550165401801e+01,1.213071396248280820e+01
1.238375920902652361e+01,1.237794456040112578e+01
1.238974846108781946e+01,1.174540784933030579e+01
1.239573325783790381e+01,1.304267170676206966e+01
1.240171359927677486e+01,1.246085993817914783e+01
1.240768948540443439e+01,1.227490731655414358e+01
1.241366091622088064e+01,1.186874808186269803e+01
1.241962789172611359e+01,1.268058343866284687e+01
1.242559041192013503e+01,1.247288726732802289e+01
1.243154847680294495e+01,1.303597999877927016e+01
1.243750208637454158e+01,1.286958019419433974e+01
1.244345124063492491e+01,1.283797845626917855e+01
1.244939593958409674e+01,1.235947756514475770e+01
1.245533618322205527e+01,1.273049180514237655e+01
1.246127197154880228e+01,1.271922109280583868e+01
1.246720330456433601e+01,1.307440149667427676e+01
1.247313018226865822e+01,1.293159396946417417e+01
1.247905260466176891e+01,1.358573784167288778e+01
1.248497057174366631e+01,1.319340007073184040e+01
1.249088408351435042e+01,1.316525457637845342e+01
1.249679313997382302e+01,1.328864695468132773e+01
1.250269774112208410e+01,1.330443481777732551e+01
1.250859788695913188e+01,1.351075685216017774e+01
1.251449357748496638e+01,1.353010589598202529e+01
1.252038481269958936e+01,1.374783408539178708e+01
1.252627159260299905e+01,1.378918850816789465e+01
1.253215391719519900e+01,1.412308245810089602e+01
1.253803178647618388e+01,1.397351013385896579e+01
1.254390520044595725e+01,1.427578072640814710e+01
1.254977415910451732e+01,1.419371576861158601e+01
1.255563866245186766e+01,1.460236071301110350e+01
1.256149871048800293e+01,1.513532518341987831e+01
1.256735430321292668e+01,1.475490323889254363e+01
1.257320544062663714e+01,1.463181206719707106e+01
1.257905212272913609e+01,1.502745715352215150e+01
1.258489434952042352e+01,1.459197237614135823e+01
1.259073212100049588e+01,1.479918858961562655e+01
1.259656543716935850e+01,1.458443405028741680e+01
1.260239429802700784e+01,1.521625068498315869e+01
1.260821870357344565e+01,1.559826630095505351e+01
1.261403865380867018e+01,1.519129949478453234e+01
1.261985414873268141e+01,1.527006176118482372e+01
1.262566518834548113e+01,1.508211700436819847e+01
1.263147177264706933e+01,1.522987932800990940e+01
1.263727390163744424e+01,1.508310120389519504e+01
1.264307157531660586e+01,1.512576263668969645e+01
1.264886479368455596e+01,1.535836657413535811e+01
1.265465355674129455e+01,1.542865304320022979e+01
1.266043786448681985e+01,1.611155992182200691e+01
1.266621771692113185e+01,1.581157604135405315e+01
1.267199311404423234e+01,1.541259408748464033e+01
1.267776405585611954e+01,1.501809940790710307e+01
1.268353054235679522e+01,1.438546999178757524e+01
1.268929257354625939e+01,1.466434235595620450e+01
1.269505014942450849e+01,1.446502137256918452e+01
1.270080326999154963e+01,1.455385768760397447e+01
1.270655193524737392e+01,1.474168251134071639e+01
1.271229614519198847e+01,1.493468840092621797e+01
1.271803589982538796e+01,1.468768088086884482e+01
1.272377119914757948e+01,1.508298500571978096e+01
1.272950204315855416e+01,1.499736794040421373e+01
1.273522843185831732e+01,1.462990533331850251e+01
1.274095036524687075e+01,1.464233218852175078e+01
1.274666784332420910e+01,1.487769370446995509e+01
1.275238086609033594e+01,1.518896319529883598e+01
1.275808943354525127e+01,1.544558203338698554e+01
1.276379354568895153e+01,1.509917596371422022e+01
1.276949320252144204e+01,1.580177300826065867e+01
1.277518840404271927e+01,1.532709924449479644e+01
1.278087915025278498e+01,1.506636713661760751e+01
1.278656544115163740e+01,1.526323569382419620e+01
1.279224727673927653e+01,1.538385569108017492e+01
1.279792465701570414e+01,1.498975637301199448e+01
1.280359758198091846e+01,1.529900993986706581e+01
1.280926605163492127e+01,1.535421460410816863e+01
1.281493006597771256e+01,1.577611439358636858e+01
1.282058962500929056e+01,1.548351460034519711e+01
1.282624472872965526e+01,1.527787334239303263e+01
1.283189537713880846e+01,1.540609192187852194e+01
1.283754157023675013e+01,1.542453007735672621e+01
1.284318330802347852e+01,1.544806614003519840e+01
1.284882059049899539e+01,1.639847790029933350e+01
1.285445341766329896e+01,1.597183495579879420e+01
1.286008178951638925e+01,1.592592849609813399e+01
1.286570570605826802e+01,1.631851004048906972e+01
1.287132516728893350e+01,1.586068926341481777e+01
1.287694017320838746e+01,1.611826928268924419e+01
1.288255072381662991e+01,1.632771785633211081e+01
1.288815681911365907e+01,1.691713773744860205e+01
1.289375845909947671e+01,1.625255029064365431e+01
1.289935564377408106e+01,1.672993452295023786e+01
1.290494837313747212e+01,1.658046834212362342e+01
1.291053664718965166e+01,1.649329498181528564e+01
1.291612046593061791e+01,1.654718127924069293e+01
1.292169982936037265e+01,1.634635341175014389e+01
1.292727473747891587e+01,1.601670278432899153e+01
1.293284519028624580e+01,1.645318064051965479e+01
1.293841118778236421e+01,1.649413507935580014e+01
1.294397272996726755e+01,1.675626871572984911e+01
1.294952981684096116e+01,1.696662056252420570e+01
1.295508244840344148e+01,1.675256567477418912e+01
1.296063062465470850e+01,1.650444071038241489e+01
1.296617434559476578e+01,1.660325980686626934e+01
1.297171361122360800e+01,1.686146859199316950e+01
1.297724842154123870e+01,1.617298428671419330e+01
1.298277877654765611e+01,1.689161723703571383e+01
1.298830467624286378e+01,1.726843772751708528e+01
1.299382612062685638e+01,1.677888284009988595e+01
1.299934310969963747e+01,1.698651881048482437e+01
1.300485564346120526e+01,1.680203585803335287e+01
1.301036372191156332e+01,1.684830274960938112e+01
1.301586734505070808e+01,1.684775147857447664e+01
1.302136651287863778e+01,1.637325118358868536e+01
1.302686122539535774e+01,1.693323717168212994e+01
1.303235148260086440e+01,1.733060098050097508e+01
1.303783728449515777e+01,1.711805576169955501e+01
1.304331863107823963e+01,1.741111971194530028e+01
1.304879552235010998e+01,1.749962344924929170e+01
1.305426795831076703e+01,1.722153825670927318e+01
1.305973593896021256e+01,1.714029663673250781e+01
1.306519946429844481e+01,1.688001494373625988e+01
1.307065853432546376e+01,1.692248764063479172e+01
1.307611314904126942e+01,1.719299563264721797e+01
1.308156330844586535e+01,1.805787465909896738e+01
1.308700901253924798e+01,1.825017236045993840e+01
1.309245026132141909e+01,1.789310903508171791e+01
1.309788705479237692e+01,1.791721691749096479e+01
1.310331939295212145e+01,1.725237252140568600e+01
1.310874727580065624e+01,1.741191560386200265e+01
1.311417070333797597e+01,1.746401198463421878e+01
1.311958967556408417e+01,1.814224702096376518e+01
1.312500419247898087e+01,1.837734519835918690e+01
1.313041425408266427e+01,1.826575866310328067e+01
1.313581986037513438e+01,1.778083662216591776e+01
1.314122101135639475e+01,1.868876283303232100e+01
1.314661770702644006e+01,1.805107443101180564e+01
1.315200994738527385e+01,1.794807565859679244e+01
1.315739773243289434e+01,1.884437275425181468e+01
1.316278106216930510e+01,1.955830606602521726e+01
1.316815993659450079e+01,2.017480826267415850e+01
1.317353435570848497e+01,1.893089791415413359e+01
1.317890431951125585e+01,1.892046482305031319e+01
1.318426982800281522e+01,1.928597978866232410e+01
1.318963088118316307e+01,1.845981125927115940e+01
1.319498747905229763e+01,1.961081908001051843e+01
