#IRAS-18092-2347_flux_calibrated_x IRAS-18092-2347_flux_calibrated_y
7.315533772101396437e+00,9.254241393978198005e+00
7.324534814542277061e+00,9.994981711963971449e+00
7.333531401671943506e+00,1.051021255036564028e+01
7.342523533490399323e+00,1.090828198648131675e+01
7.351511209997641849e+00,1.028295925536014188e+01
7.360494431193671083e+00,1.086443580338108461e+01
7.369473197078489690e+00,1.091312013675026016e+01
7.378447507652095005e+00,1.061024021318470290e+01
7.387417362914487917e+00,1.076490025011640483e+01
7.396382762865668425e+00,1.057003988399516281e+01
7.405343707505636530e+00,1.036920933443766124e+01
7.414300196834392231e+00,1.036910283312533210e+01
7.423252230851935529e+00,1.003108554255327611e+01
7.432199809558267312e+00,1.009409405848386498e+01
7.441142932953384914e+00,1.001174023764167309e+01
7.450081601037291001e+00,1.071737464953842789e+01
7.459015813809985573e+00,1.055499266233826106e+01
7.467945571271466854e+00,1.068403616312577142e+01
7.476870873421734842e+00,1.071820007324339841e+01
7.485791720260792204e+00,1.064536173179048362e+01
7.494708111788636273e+00,1.056211633263885297e+01
7.503620048005267940e+00,1.112092324596193116e+01
7.512527528910687202e+00,1.089355430690000581e+01
7.521430554504894062e+00,1.099921289265882685e+01
7.530329124787888517e+00,1.079377645293294918e+01
7.539223239759670570e+00,1.042914578229621725e+01
7.548112899420240218e+00,1.028304317967061188e+01
7.556998103769597463e+00,1.032301050432638334e+01
7.565878852807743193e+00,1.008213278830192117e+01
7.574755146534675632e+00,1.026686424373414219e+01
7.583626984950395666e+00,1.012374736679092280e+01
7.592494368054903298e+00,1.038192320859691975e+01
7.601357295848197637e+00,1.041319593205265193e+01
7.610215768330281350e+00,1.068723709722999438e+01
7.619069785501151770e+00,1.060457696582686893e+01
7.627919347360809788e+00,1.062051925821091558e+01
7.636764453909255401e+00,1.039080854204750359e+01
7.645605105146489500e+00,1.009072582872532919e+01
7.654441301072509418e+00,9.852962479523664996e+00
7.663273041687318710e+00,1.003288823030678678e+01
7.672100326990913821e+00,9.887976844984855518e+00
7.680923156983298306e+00,9.989004081812582925e+00
7.689741531664468610e+00,1.009869660656745971e+01
7.698555451034429176e+00,1.005295745828833986e+01
7.707364915093174673e+00,1.009633803510691408e+01
7.716169923840708655e+00,1.028728866201892522e+01
7.724970477277031122e+00,1.024815098662704749e+01
7.733766575402139409e+00,1.098378102263613698e+01
7.742558218216037069e+00,1.109207582712254059e+01
7.751345405718722326e+00,1.128472432488971755e+01
7.760128137910193402e+00,1.117116528270949161e+01
7.768906414790452963e+00,1.079105829168794806e+01
7.777680236359499233e+00,1.124152125528368984e+01
7.786449602617333987e+00,1.176692296654176850e+01
7.795214513563958114e+00,1.189787544572918421e+01
7.803974969199368061e+00,1.255147707726467132e+01
7.812730969523565605e+00,1.262353944108985004e+01
7.821482514536550745e+00,1.319472588162699367e+01
7.830229604238323482e+00,1.303667505399282156e+01
7.838972238628883815e+00,1.284727272033428136e+01
7.847710417708231745e+00,1.277938229580529672e+01
7.856444141476368159e+00,1.283196822324732800e+01
7.865173409933290394e+00,1.254751991370682518e+01
7.873898223079002001e+00,1.229480235790921228e+01
7.882618580913500317e+00,1.214931627846745599e+01
7.891334483436785341e+00,1.210728651916046772e+01
7.900045930648860626e+00,1.189053937500829683e+01
7.908752922549720843e+00,1.191473657820233889e+01
7.917455459139369545e+00,1.167250034448612794e+01
7.926153540417806731e+00,1.140544667874691065e+01
7.934847166385030626e+00,1.166703373506205743e+01
7.943536337041041229e+00,1.156669934177454451e+01
7.952221052385841205e+00,1.208184537402317638e+01
7.960901312419427001e+00,1.186696855890224356e+01
7.969577117141801281e+00,1.228344968502976187e+01
7.978248466552964935e+00,1.262298506302935408e+01
7.986915360652914408e+00,1.284131064431307401e+01
7.995577799441651479e+00,1.302369541888253757e+01
8.004235782919176145e+00,1.286982752927594298e+01
8.012889311085487520e+00,1.288390401050671663e+01
8.021538383940589156e+00,1.291797426741225863e+01
8.030183001484475724e+00,1.288839293564236144e+01
8.038823163717152553e+00,1.268668465849870230e+01
8.047458870638614314e+00,1.273577022640263579e+01
8.056090122248862784e+00,1.250673555425422734e+01
8.064716918547901514e+00,1.221332314617351145e+01
8.073339259535726953e+00,1.199147541928803307e+01
8.081957145212340876e+00,1.194257342634034202e+01
8.090570575577741508e+00,1.170943486414196144e+01
8.099179550631930624e+00,1.171640789705551811e+01
8.107784070374906449e+00,1.150406025411120403e+01
8.116384134806668982e+00,1.158528916276169340e+01
8.124979743927221776e+00,1.140820018411661430e+01
8.133570897736559502e+00,1.145045957038714413e+01
8.142157596234685712e+00,1.136249138012061088e+01
8.150739839421600408e+00,1.141915244863581869e+01
8.159317627297301811e+00,1.139545424351970659e+01
8.167890959861791700e+00,1.122929933275578840e+01
8.176459837115066520e+00,1.113208594708039634e+01
8.185024259057131601e+00,1.103934638506943422e+01
8.193584225687983391e+00,1.095468533567034619e+01
8.202139737007623665e+00,1.090424653204880023e+01
8.210690793016050648e+00,1.084372736255642344e+01
8.219237393713266115e+00,1.069972851122200552e+01
8.227779539099268291e+00,1.073263668538733739e+01
8.236317229174057175e+00,1.080505769220288492e+01
8.244850463937634544e+00,1.081035748771078175e+01
8.253379243390000397e+00,1.084765077683510626e+01
8.261903567531152959e+00,1.084595089565315895e+01
8.270423436361094005e+00,1.089575596900073862e+01
8.278938849879819983e+00,1.079289108269957254e+01
8.287449808087336223e+00,1.075105677139941029e+01
8.295956310983639170e+00,1.069694587273831843e+01
8.304458358568730603e+00,1.060900281919123955e+01
8.312955950842608743e+00,1.053720124043057638e+01
8.321449087805273592e+00,1.046385091865708539e+01
8.329937769456726926e+00,1.046394233645472127e+01
8.338421995796970521e+00,1.048922910800771824e+01
8.346901766825997271e+00,1.043176456085551607e+01
8.355377082543814282e+00,1.034117830092367463e+01
8.363847942950418002e+00,1.035877095239026602e+01
8.372314348045810206e+00,1.025655360875060040e+01
8.380776297829989119e+00,1.031271943580861894e+01
8.389233792302954740e+00,1.017800326484943341e+01
8.397686831464708845e+00,1.025487376922208327e+01
8.406135415315251436e+00,1.009515581042387744e+01
8.414579543854580734e+00,1.019720876601387261e+01
8.423019217082698518e+00,1.015866682846772662e+01
8.431454434999603009e+00,1.024915662362661628e+01
8.439885197605294209e+00,9.963466589179308386e+00
8.448311504899775670e+00,1.014493742053029912e+01
8.456733356883043840e+00,9.924007942610977295e+00
8.465150753555096941e+00,9.976808288695927729e+00
8.473563694915940303e+00,9.730606426149568833e+00
8.481972180965570374e+00,9.924842669515799187e+00
8.490376211703987153e+00,9.618543616483748337e+00
8.498775787131194193e+00,9.873868531928534864e+00
8.507170907247186165e+00,9.652496023615519505e+00
8.515561572051968398e+00,9.716746358713852061e+00
8.523947781545535562e+00,9.567861276553479399e+00
8.532329535727892988e+00,9.570274768204809490e+00
8.540706834599035346e+00,9.399145817915474765e+00
8.549079678158966189e+00,9.469154499037713890e+00
8.557448066407685516e+00,9.412309878457138623e+00
8.565811999345191552e+00,9.373635978765477716e+00
8.574171476971486072e+00,9.289680043205425619e+00
8.582526499286567301e+00,9.303482871322225733e+00
8.590877066290435238e+00,9.159097262104422654e+00
8.599223177983091659e+00,9.125262254413451402e+00
8.607564834364536566e+00,8.918245196662786256e+00
8.615902035434768180e+00,8.929064953737626098e+00
8.624234781193786503e+00,8.741850535738226569e+00
8.632563071641593311e+00,8.823545652982378584e+00
8.640886906778190379e+00,8.703982793872382828e+00
8.649206286603570604e+00,8.699752380473842805e+00
8.657521211117741089e+00,8.591335349357811069e+00
8.665831680320700059e+00,8.560789759333699678e+00
8.674137694212443961e+00,8.330606826594488368e+00
8.682439252792976347e+00,8.325539433139699241e+00
8.690736356062297219e+00,8.208374639821748531e+00
8.699029004020404798e+00,8.174647176916503000e+00
8.707317196667299086e+00,7.916866806697904657e+00
8.715600934002981859e+00,8.080324388202411612e+00
8.723880216027453116e+00,7.783073238629668822e+00
8.732155042740711082e+00,7.774838681077641311e+00
8.740425414142757532e+00,7.448804893365227997e+00
8.748691330233590691e+00,7.647909043800329876e+00
8.756952791013212334e+00,7.253311192806865648e+00
8.765209796481618909e+00,7.505687612611827930e+00
8.773462346638815745e+00,7.076072289583789754e+00
8.781710441484801066e+00,7.246297469195365437e+00
8.789954081019571319e+00,6.941388148916512790e+00
8.798193265243130057e+00,7.041174713973017418e+00
8.806427994155477279e+00,6.707165484319977722e+00
8.814658267756611210e+00,6.654563025074625493e+00
8.822884086046531849e+00,6.476151869658417937e+00
8.831105449025242748e+00,6.393601048140886256e+00
8.839322356692738580e+00,6.286935748801546708e+00
8.847534809049024673e+00,6.212566927026692554e+00
8.855742806094095698e+00,6.014856451015283767e+00
8.863946347827956984e+00,6.025081851129551858e+00
8.872145434250603202e+00,5.804812689952113303e+00
8.880340065362037905e+00,5.709575963217336181e+00
8.888530241162261092e+00,5.542206394188911034e+00
8.896715961651270987e+00,5.504420981747245811e+00
8.904897226829069368e+00,5.314925096152570028e+00
8.913074036695654456e+00,5.254888251934299426e+00
8.921246391251026253e+00,5.038825423809067949e+00
8.929414290495186535e+00,4.951767249918738401e+00
8.937577734428135301e+00,4.748555982002591769e+00
8.945736723049872552e+00,4.659249078411609624e+00
8.953891256360394735e+00,4.522612874128818738e+00
8.962041334359705402e+00,4.418787140982349371e+00
8.970186957047802778e+00,4.158425353597150931e+00
8.978328124424690415e+00,4.201793669944326126e+00
8.986464836490364760e+00,3.920450383996185728e+00
8.994597093244824038e+00,3.851536772119154683e+00
9.002724894688075352e+00,3.625206843961715997e+00
9.010848240820109822e+00,3.620465243345563522e+00
9.018967131640934554e+00,3.438879158029785277e+00
9.027081567150545993e+00,3.375617874323252554e+00
9.035191547348945917e+00,3.172515969072004172e+00
9.043297072236132550e+00,3.153536992774192527e+00
9.051398141812105891e+00,2.961933767458512445e+00
9.059494756076869493e+00,2.934533206464241317e+00
9.067586915030419803e+00,2.799461643163579261e+00
9.075674618672756822e+00,2.788844195873131593e+00
9.083757867003882325e+00,2.680506373151158694e+00
9.091836660023792760e+00,2.615778615030767806e+00
9.099910997732493456e+00,2.510491032442491832e+00
9.107980880129980861e+00,2.479276620797051578e+00
9.116046307216256750e+00,2.379871561632829202e+00
9.124107278991319347e+00,2.356855021399797412e+00
9.132163795455170430e+00,2.251317342811889777e+00
9.140215856607808220e+00,2.218494124554964309e+00
9.148263462449234495e+00,2.156482097158011424e+00
9.156306612979447479e+00,2.122129802106559548e+00
9.164345308198448947e+00,2.075380355291722267e+00
9.172379548106235347e+00,2.021648654462372185e+00
9.180409332702812009e+00,1.970867391671540902e+00
9.188434661988175378e+00,1.943823481748141235e+00
9.196455535962327232e+00,1.876678000280066705e+00
9.204471954625265795e+00,1.843757595431209761e+00
9.212483917976992842e+00,1.790497239860513901e+00
9.220491426017506598e+00,1.767817467556633382e+00
9.228494478746808838e+00,1.712550825674062027e+00
9.236493076164897786e+00,1.723982367875106281e+00
9.244487218271775220e+00,1.672254508025872388e+00
9.252476905067439361e+00,1.644125680695665004e+00
9.260462136551890211e+00,1.617367959971844460e+00
9.268442912725129545e+00,1.605774861617175864e+00
9.276419233587159141e+00,1.556577962217724709e+00
9.284391099137971892e+00,1.555944788065325213e+00
9.292358509377574904e+00,1.528343777561673944e+00
9.300321464305966401e+00,1.486295478380315283e+00
9.308279963923142830e+00,1.475019649956924361e+00
9.316234008229107744e+00,1.462429067495820245e+00
9.324183597223861142e+00,1.443933510433585754e+00
9.332128730907401248e+00,1.448990777419986387e+00
9.340069409279729840e+00,1.417589303865107508e+00
9.348005632340845139e+00,1.418169044304327331e+00
9.355937400090748923e+00,1.387575888407476699e+00
9.363864712529437639e+00,1.376744791598333517e+00
9.371787569656918393e+00,1.356521850145735453e+00
9.379705971473182302e+00,1.361217234149964428e+00
9.387619917978236472e+00,1.383605039962193306e+00
9.395529409172079127e+00,1.366948142112043296e+00
9.403434445054706714e+00,1.364472432768550680e+00
9.411335025626122786e+00,1.332223837513903719e+00
9.419231150886327342e+00,1.308164625989185037e+00
9.427122820835318606e+00,1.298871388269526639e+00
9.435010035473098355e+00,1.332337052684989143e+00
9.442892794799664813e+00,1.283000420855543888e+00
9.450771098815019755e+00,1.302534321576619858e+00
9.458644947519161406e+00,1.385410480271638933e+00
9.466514340912091541e+00,1.381288522906743976e+00
9.474379278993808384e+00,1.383393961272952888e+00
9.482239761764311936e+00,1.422149379087788379e+00
9.490095789223603973e+00,1.292044906384085534e+00
9.497947361371684494e+00,1.366116533157979651e+00
9.505794478208551723e+00,1.335532274864876134e+00
9.513637139734207437e+00,1.350119334749120492e+00
9.521475345948649860e+00,1.416212259429102005e+00
9.529309096851882543e+00,1.436502594629145202e+00
9.537138392443900159e+00,1.305672152130920249e+00
9.544963232724704483e+00,1.386253837424270774e+00
9.552783617694297291e+00,1.335444273961715611e+00
9.560599547352678584e+00,1.301815337559757202e+00
9.568411021699846586e+00,1.261908657593336480e+00
9.576218040735803072e+00,1.280017925725551953e+00
9.584020604460546267e+00,1.263152471321858705e+00
9.591818712874076169e+00,1.250149925312514343e+00
9.599612365976394557e+00,1.257375550772180883e+00
9.607401563767503205e+00,1.200706544119304997e+00
9.615186306247396786e+00,1.165146111813528451e+00
9.622966593416078851e+00,1.128910170599302321e+00
9.630742425273547624e+00,1.129162662215839275e+00
9.638513801819803106e+00,1.132719483695570295e+00
9.646280723054848849e+00,1.100469925669949500e+00
9.654043188978679524e+00,1.242509300483163548e+00
9.661801199591298683e+00,1.172397097499623841e+00
9.669554754892706327e+00,1.174172280743447594e+00
9.677303854882900680e+00,1.138705163681583254e+00
9.685048499561883517e+00,1.183699677267022965e+00
9.692788688929653063e+00,1.182857849432398245e+00
9.700524422986211093e+00,1.155387308356915721e+00
9.708255701731555831e+00,1.116529598683461799e+00
9.715982525165687278e+00,1.172246627340827407e+00
9.723704893288608986e+00,1.081859543875102414e+00
9.731422806100317402e+00,1.076718107978027916e+00
9.739136263600812526e+00,1.078355615942324652e+00
9.746845265790094359e+00,1.065044777821362088e+00
9.754549812668166453e+00,1.071286449291012799e+00
9.762249904235023479e+00,1.131488680118762913e+00
9.769945540490670766e+00,1.072878787176203774e+00
9.777636721435104761e+00,1.111266309243926331e+00
9.785323447068325464e+00,1.094148819798163030e+00
9.793005717390334652e+00,1.112712190066914797e+00
9.800683532401130549e+00,1.064186352148774661e+00
9.808356892100713154e+00,1.026511413156227404e+00
9.816025796489086019e+00,1.044396275604437374e+00
9.823690245566243817e+00,1.060971242409248116e+00
9.831350239332190100e+00,1.032122001879060669e+00
9.839005777786924867e+00,1.041205187960265510e+00
9.846656860930446342e+00,1.017842150806773871e+00
9.854303488762756302e+00,1.042843253697998351e+00
9.861945661283854747e+00,1.029813914437941014e+00
9.869583378493738124e+00,1.033986486664081772e+00
9.877216640392409985e+00,1.031026396877642526e+00
9.884845446979870331e+00,1.017322185271626545e+00
9.892469798256117386e+00,1.025790064835123694e+00
9.900089694221152925e+00,9.945498310845650725e-01
9.907705134874975172e+00,1.003656404658420653e+00
9.915316120217585905e+00,1.022727134529323845e+00
9.922922650248983345e+00,1.049893055513433593e+00
9.930524724969169270e+00,1.051668071543455873e+00
9.938122344378141904e+00,1.054085684899113140e+00
9.945715508475903022e+00,1.066651739274143251e+00
9.953304217262450848e+00,1.052262888335417257e+00
9.960888470737787159e+00,1.083818303556191465e+00
9.968468268901910179e+00,1.072480451562652259e+00
9.976043611754821683e+00,1.120747872973812065e+00
9.983614499296519895e+00,1.142199396804393752e+00
9.991180931527006592e+00,1.125363696424597881e+00
9.998742908446279998e+00,1.107249698309454411e+00
1.000630043005434011e+01,1.109948015387811182e+00
1.001385349635119049e+01,1.158413717519449548e+00
1.002140210733682757e+01,1.148715718803338337e+00
1.002894626301125136e+01,1.162157436636998220e+00
1.003648596337446186e+01,1.138395486817660895e+00
1.004402120842646262e+01,1.179173291338767582e+00
1.005155199816724831e+01,1.174114437312693937e+00
1.005907833259682427e+01,1.192376848945787771e+00
1.006660021171518693e+01,1.177893756740989950e+00
1.007411763552233630e+01,1.197162594400205560e+00
1.008163060401827416e+01,1.172976638191951304e+00
1.008913911720299872e+01,1.184566028749131972e+00
1.009664317507651177e+01,1.184139315065190656e+00
1.010414277763881152e+01,1.185960633243811957e+00
1.011163792488989976e+01,1.186115838388006827e+00
1.011912861682977471e+01,1.198932442744718108e+00
1.012661485345843637e+01,1.186307974548273414e+00
1.013409663477588651e+01,1.172555109040532395e+00
1.014157396078212514e+01,1.185148973501310321e+00
1.014904683147715048e+01,1.215790568059497812e+00
1.015651524686096607e+01,1.202343763062103887e+00
1.016397920693356660e+01,1.228613879492553407e+00
1.017143871169495384e+01,1.225084537541355489e+00
1.017889376114512956e+01,1.230832117423146688e+00
1.018634435528409554e+01,1.237773717207517610e+00
1.019379049411184468e+01,1.273043960595766411e+00
1.020123217762838408e+01,1.280980380864366275e+00
1.020866940583371196e+01,1.310275379903742099e+00
1.021610217872782478e+01,1.268559666107298645e+00
1.022353049631072786e+01,1.334068873559309143e+00
1.023095435858241586e+01,1.288021258931037583e+00
1.023837376554289413e+01,1.342634701524634933e+00
1.024578871719215734e+01,1.304147754311833163e+00
1.025319921353021080e+01,1.379657280375627293e+00
1.026060525455704919e+01,1.357436215656774747e+00
1.026800684027267785e+01,1.404758541551971218e+00
1.027540397067709321e+01,1.377588430272013387e+00
1.028279664577029351e+01,1.401084976125587911e+00
1.029018486555228407e+01,1.396480391107306041e+00
1.029756863002306311e+01,1.407905072038732497e+00
1.030494793918262708e+01,1.379589816304265470e+00
1.031232279303097954e+01,1.420746274480680471e+00
1.031969319156812048e+01,1.428980151502283524e+00
1.032705913479404991e+01,1.441424891610321168e+00
1.033442062270876427e+01,1.426592165536832324e+00
1.034177765531226711e+01,1.469358722934894557e+00
1.034913023260455844e+01,1.448441996903154338e+00
1.035647835458563648e+01,1.461682816791062489e+00
1.036382202125550300e+01,1.414984047037653125e+00
1.037116123261415801e+01,1.446273962120574907e+00
1.037849598866159795e+01,1.426505633581843790e+00
1.038582628939782815e+01,1.481521679680296355e+00
1.039315213482284328e+01,1.460783400507785768e+00
1.040047352493664690e+01,1.484311586072277311e+00
1.040779045973923900e+01,1.473979207018851767e+00
1.041510293923061781e+01,1.508613422487498079e+00
1.042241096341078688e+01,1.479484865928456294e+00
1.042971453227974088e+01,1.489757330201300745e+00
1.043701364583748337e+01,1.454223705569919645e+00
1.044430830408401256e+01,1.505861734906437599e+00
1.045159850701932847e+01,1.507562750897700754e+00
1.045888425464343463e+01,1.566420642288697929e+00
1.046616554695632750e+01,1.514411085995359452e+00
1.047344238395800708e+01,1.549375620173237822e+00
1.048071476564847515e+01,1.495977425046919773e+00
1.048798269202772993e+01,1.598427625189513979e+00
1.049524616309577141e+01,1.580917003498921725e+00
1.050250517885260315e+01,1.590714345472363345e+00
1.050975973929821983e+01,1.519907602928906698e+00
1.051700984443262676e+01,1.565938521166230668e+00
1.052425549425581863e+01,1.530802861262100079e+00
1.053149668876780076e+01,1.574235824093502600e+00
1.053873342796856782e+01,1.561693005220383457e+00
1.054596571185812515e+01,1.590203222741563893e+00
1.055319354043646918e+01,1.577705650284999983e+00
1.056041691370359992e+01,1.573308850118550373e+00
1.056763583165951914e+01,1.566499341760964947e+00
1.057485029430422507e+01,1.559764525562982396e+00
1.058206030163771949e+01,1.569175450680016404e+00
1.058926585366000062e+01,1.586091342368662449e+00
1.059646695037107023e+01,1.575457102872816595e+00
1.060366359177092654e+01,1.590237954879726523e+00
1.061085577785957135e+01,1.566439818794505001e+00
1.061804350863700286e+01,1.605636574605207478e+00
1.062522678410322285e+01,1.585724487863683141e+00
1.063240560425822956e+01,1.571095462843425716e+00
1.063957996910202475e+01,1.578378796475282009e+00
1.064674987863460842e+01,1.596019780641554586e+00
1.065391533285597703e+01,1.583973224825580006e+00
1.066107633176613589e+01,1.616315114592452806e+00
1.066823287536507969e+01,1.606127982069841753e+00
1.067538496365281375e+01,1.633353449094684384e+00
1.068253259662933274e+01,1.605992414912686517e+00
1.068967577429464200e+01,1.683957200671006627e+00
1.069681449664873618e+01,1.617832697677809461e+00
1.070394876369161885e+01,1.677177174167553186e+00
1.071107857542329000e+01,1.596261052558718863e+00
1.071820393184374964e+01,1.742761890037813455e+00
1.072532483295299599e+01,1.676633391574534615e+00
1.073244127875102905e+01,1.716865751703510634e+00
1.073955326923784881e+01,1.666852946179256723e+00
1.074666080441345883e+01,1.731534979305371813e+00
1.075376388427785557e+01,1.741779216248475537e+00
1.076086250883103901e+01,1.743832146540839734e+00
1.076795667807301093e+01,1.743117153756602145e+00
1.077504639200376957e+01,1.791078756668250005e+00
1.078213165062331669e+01,1.753842341374990843e+00
1.078921245393165051e+01,1.787161296489975681e+00
1.079628880192877283e+01,1.771310058106886576e+00
1.080336069461468185e+01,1.810673233828782980e+00
1.081042813198937935e+01,1.802243348849848381e+00
1.081749111405286357e+01,1.817081195440961361e+00
1.082454964080513626e+01,1.790586038016595216e+00
1.083160371224619745e+01,1.837186263965748356e+00
1.083865332837604356e+01,1.793265973017199588e+00
1.084569848919467994e+01,1.844942895601685118e+00
1.085273919470210302e+01,1.809394608728724263e+00
1.085977544489831104e+01,1.812012622733933931e+00
1.086680723978330931e+01,1.811801295837320858e+00
1.087383457935709608e+01,1.844847112001303024e+00
1.088085746361966955e+01,1.855735312462311049e+00
1.088787589257102795e+01,1.896093841917277034e+00
1.089488986621117661e+01,1.841709327795175266e+00
1.090189938454011376e+01,1.912528736571751597e+00
1.090890444755783761e+01,1.857874759213509197e+00
1.091590505526434818e+01,1.944489554184321900e+00
1.092290120765964723e+01,1.928800635605579350e+00
1.092989290474373298e+01,1.965769206237879096e+00
1.093688014651660723e+01,1.919011692711635630e+00
1.094386293297826818e+01,2.037467965602550279e+00
1.095084126412871761e+01,1.961462871548633302e+00
1.095781513996795375e+01,2.029898565438072122e+00
1.096478456049597838e+01,1.979644372426152321e+00
1.097174952571278972e+01,2.037786945775191150e+00
1.097871003561839132e+01,1.957919247827855536e+00
1.098566609021277785e+01,2.009122008235835644e+00
1.099261768949595286e+01,1.989193417600470859e+00
1.099956483346791458e+01,2.007749471946571163e+00
1.100650752212866301e+01,2.028076649145206467e+00
1.101344575547820170e+01,2.073945878639328111e+00
1.102037953351652710e+01,2.048583017220257929e+00
1.102730885624363921e+01,2.068503337565307021e+00
1.103423372365953981e+01,2.040918024721684265e+00
1.104115413576422711e+01,2.066946786935286884e+00
1.104807009255770289e+01,2.027720487614265821e+00
1.105498159403996539e+01,2.086407387015571491e+00
1.106188864021101814e+01,2.101664664453760434e+00
1.106879123107085405e+01,2.085008965279599114e+00
1.107568936661948200e+01,2.111502240411141429e+00
1.108258304685689488e+01,2.098282611374810980e+00
1.108947227178309625e+01,2.081833397372296890e+00
1.109635704139808432e+01,2.139365999256687356e+00
1.110323735570186088e+01,2.091753257450553516e+00
1.111011321469442414e+01,2.119447537193513309e+00
1.111698461837577590e+01,2.110225721030701607e+00
1.112385156674591435e+01,2.121685549989814401e+00
1.113071405980484130e+01,2.142671531199249468e+00
1.113757209755255495e+01,2.197216024516791766e+00
1.114442567998905709e+01,2.134205210935801400e+00
1.115127480711434593e+01,2.157376915175440502e+00
1.115811947892842326e+01,2.146531259095935340e+00
1.116495969543128908e+01,2.251419968383460368e+00
1.117179545662294160e+01,2.177307067466573098e+00
1.117862676250338083e+01,2.287258192737074314e+00
1.118545361307260855e+01,2.223746097273508138e+00
1.119227600833062297e+01,2.286876006938830752e+00
1.119909394827742588e+01,2.216003419814315478e+00
1.120590743291301727e+01,2.264945305650554186e+00
1.121271646223739360e+01,2.266264084557103597e+00
1.121952103625056019e+01,2.318147438737443000e+00
1.122632115495251171e+01,2.285013211576486736e+00
1.123311681834325348e+01,2.289093188812306057e+00
1.123990802642278020e+01,2.292318764976129408e+00
1.124669477919109539e+01,2.360826540980895061e+00
1.125347707664819907e+01,2.369657253791843665e+00
1.126025491879409124e+01,2.432251877743179413e+00
1.126702830562877011e+01,2.416993346713152579e+00
1.127379723715223570e+01,2.483730283583201359e+00
1.128056171336448799e+01,2.461032356691692069e+00
1.128732173426553054e+01,2.515002144900044367e+00
1.129407729985535980e+01,2.505741787178207947e+00
1.130082841013397754e+01,2.535473815941038378e+00
1.130757506510138022e+01,2.542008694297933857e+00
1.131431726475757138e+01,2.653713625820668387e+00
1.132105500910255103e+01,2.609342559555276164e+00
1.132778829813631738e+01,2.693888317575460434e+00
1.133451713185887400e+01,2.691842738616891495e+00
1.134124151027021377e+01,2.725441158714690282e+00
1.134796143337034557e+01,2.656221946712610027e+00
1.135467690115926409e+01,2.785530207321488039e+00
1.136138791363696754e+01,2.803510732963166330e+00
1.136809447080345947e+01,2.851315531738923159e+00
1.137479657265873989e+01,2.831758235268664770e+00
1.138149421920280702e+01,2.960257032932742671e+00
1.138818741043566263e+01,2.923999995155267317e+00
1.139487614635730672e+01,3.065065773412683825e+00
1.140156042696773575e+01,3.010108438393628738e+00
1.140824025226695504e+01,3.157242124791582061e+00
1.141491562225496104e+01,3.139341844428802819e+00
1.142158653693175374e+01,3.252451596060108141e+00
1.142825299629733493e+01,3.205531039737100407e+00
1.143491500035170461e+01,3.351738757497547461e+00
1.144157254909486099e+01,3.376112222878636437e+00
1.144822564252680408e+01,3.481310460015075492e+00
1.145487428064753388e+01,3.468088290637494353e+00
1.146151846345705394e+01,3.670827483613205100e+00
1.146815819095536071e+01,3.680492829900152696e+00
1.147479346314245419e+01,3.877926420237651772e+00
1.148142428001833615e+01,3.878453712778149765e+00
1.148805064158300482e+01,3.956167359926673566e+00
1.149467254783646197e+01,4.051924585598814410e+00
1.150128999877870584e+01,4.131032439663940181e+00
1.150790299440973818e+01,4.166055320203503776e+00
1.151451153472955724e+01,4.329026585117600412e+00
1.152111561973816656e+01,4.353454459559209511e+00
1.152771524943556081e+01,4.412596051358576688e+00
1.153431042382174176e+01,4.465545591326217867e+00
1.154090114289671298e+01,4.527620045629366707e+00
1.154748740666047091e+01,4.564965086657373661e+00
1.155406921511301555e+01,4.734104038468297304e+00
1.156064656825434867e+01,4.628512129457659441e+00
1.156721946608446849e+01,4.817404292431142210e+00
1.157378790860337858e+01,4.743534546872223423e+00
1.158035189581107360e+01,4.809387680327219527e+00
1.158691142770755711e+01,4.907830922609096369e+00
1.159346650429282732e+01,5.125731392707648659e+00
1.160001712556688602e+01,5.017025010467196289e+00
1.160656329152973143e+01,5.185849611567899586e+00
1.161310500218136532e+01,5.062983925051395495e+00
1.161964225752178592e+01,5.200507850932742038e+00
1.162617505755099501e+01,5.139221417657705793e+00
1.163270340226899258e+01,5.211570276298868265e+00
1.163922729167577508e+01,5.177951447109537142e+00
1.164574672577134784e+01,5.261991646812456125e+00
1.165226170455570731e+01,5.206223346037057276e+00
1.165877222802885349e+01,5.391926231809486936e+00
1.166527829619078815e+01,5.365242368944808327e+00
1.167177990904150953e+01,5.588071973887936750e+00
1.167827706658101938e+01,5.512633271289078429e+00
1.168476976880931772e+01,5.589971941883514539e+00
1.169125801572640100e+01,5.578398713136530240e+00
1.169774180733227453e+01,5.648126689773737219e+00
1.170422114362693478e+01,5.569469437954084334e+00
1.171069602461038173e+01,5.776888840239346123e+00
1.171716645028261716e+01,5.668126100300970194e+00
1.172363242064363931e+01,5.883590382426086229e+00
1.173009393569344994e+01,5.796631334624072096e+00
1.173655099543204905e+01,5.937455147430931390e+00
1.174300359985943309e+01,5.820857335468485161e+00
1.174945174897560740e+01,5.885696068392263669e+00
1.175589544278056842e+01,5.931154083910573860e+00
1.176233468127431614e+01,6.164311844696134024e+00
1.176876946445685235e+01,6.009733982240236472e+00
1.177519979232817526e+01,6.300173283115890754e+00
1.178162566488828844e+01,6.196437235786225628e+00
1.178804708213718655e+01,6.364705842980163730e+00
1.179446404407487137e+01,6.391267878833784444e+00
1.180087655070134645e+01,6.740972395574898357e+00
1.180728460201660823e+01,6.456507468175661124e+00
1.181368819802065673e+01,6.663650686714299276e+00
1.182008733871349371e+01,6.462655893653528771e+00
1.182648202409511740e+01,6.737593413284522548e+00
1.183287225416553134e+01,6.786274151911603880e+00
1.183925802892473023e+01,6.887893898517678970e+00
1.184563934837271759e+01,6.869178844822678265e+00
1.185201621250949167e+01,7.051637179041592596e+00
1.185838862133505422e+01,6.738799425048069835e+00
1.186475657484940349e+01,6.902594604338092132e+00
1.187112007305254124e+01,6.828568602422603995e+00
1.187747911594446748e+01,6.919470972567901335e+00
1.188383370352517865e+01,6.897249938238989131e+00
1.189018383579468008e+01,6.945849590038505994e+00
1.189652951275296822e+01,6.995112610948332588e+00
1.190287073440004484e+01,7.031696355792230513e+00
1.190920750073590639e+01,7.106347400087577704e+00
1.191553981176055643e+01,7.209442292005353359e+00
1.192186766747399496e+01,7.341486148650065324e+00
1.192819106787622196e+01,7.409248365579673035e+00
1.193451001296723568e+01,7.371587012356533464e+00
1.194082450274703611e+01,7.536088416087949327e+00
1.194713453721562502e+01,7.533285329042588963e+00
1.195344011637300241e+01,7.810064472550810599e+00
1.195974124021916651e+01,7.928752226515010548e+00
1.196603790875411732e+01,8.153532515202924102e+00
1.197233012197785662e+01,7.959501996536233470e+00
1.197861787989038262e+01,8.375476454146637550e+00
1.198490118249169711e+01,8.233625269991279083e+00
1.199118002978179831e+01,8.581150863200878831e+00
1.199745442176068799e+01,8.444908753640817167e+00
1.200372435842836616e+01,8.907866295173457516e+00
1.200998983978483103e+01,8.696223964379843352e+00
1.201625086583008262e+01,9.051892049094144355e+00
1.202250743656412268e+01,8.745092907268857019e+00
1.202875955198694946e+01,9.083165932299912981e+00
1.203500721209856650e+01,8.914163525727472503e+00
1.204125041689896847e+01,9.254208821825457676e+00
1.204748916638815892e+01,9.236321025909159488e+00
1.205372346056613608e+01,9.277708841605500467e+00
1.205995329943290173e+01,9.223591674000724439e+00
1.206617868298845586e+01,9.419585907657364032e+00
1.207239961123279492e+01,9.513075704397326859e+00
1.207861608416592425e+01,9.676476538968872276e+00
1.208482810178783851e+01,9.767095993573029489e+00
1.209103566409854302e+01,9.967966429278172669e+00
1.209723877109803425e+01,9.883276975182262447e+00
1.210343742278631218e+01,9.716472763707059812e+00
1.210963161916338038e+01,9.916695412909440677e+00
1.211582136022923351e+01,1.004450905220182833e+01
1.212200664598387512e+01,1.001936866173499041e+01
1.212818747642730344e+01,1.045851568314412283e+01
1.213436385155952024e+01,1.048026492604205906e+01
1.214053577138052376e+01,1.065616368823181936e+01
1.214670323589031575e+01,1.041515755893341932e+01
1.215286624508889624e+01,1.066291147832932751e+01
1.215902479897626343e+01,1.029997565136734927e+01
1.216517889755241733e+01,1.054149060472612121e+01
1.217132854081735971e+01,1.060635726949274016e+01
1.217747372877108880e+01,1.124632445950837045e+01
1.218361446141360638e+01,1.092732389374894098e+01
1.218975073874491244e+01,1.098539560504421964e+01
1.219588256076500521e+01,1.091315972214825436e+01
1.220200992747388469e+01,1.118511703956242265e+01
1.220813283887155265e+01,1.103786951636612024e+01
1.221425129495800732e+01,1.145218237326201205e+01
1.222036529573325048e+01,1.134321681689337069e+01
1.222647484119728212e+01,1.167054854448483248e+01
1.223257993135010047e+01,1.146745713490028962e+01
1.223868056619170730e+01,1.148699501846059690e+01
1.224477674572209907e+01,1.134480241052833271e+01
1.225086846994128109e+01,1.166267284368048962e+01
1.225695573884924805e+01,1.164994687298603893e+01
1.226303855244600527e+01,1.176844909889539714e+01
1.226911691073154920e+01,1.206845795290398371e+01
1.227519081370587983e+01,1.220912322817486917e+01
1.228126026136900073e+01,1.203292825316807146e+01
1.228732525372090656e+01,1.230899446409737763e+01
1.229338579076159910e+01,1.212513700840971254e+01
1.229944187249108190e+01,1.218459790365461437e+01
1.230549349890935140e+01,1.209755443754680293e+01
1.231154067001640939e+01,1.225249959974776282e+01
1.231758338581225232e+01,1.218135411191137329e+01
1.232362164629688550e+01,1.247884456415795107e+01
1.232965545147030539e+01,1.227074627537506579e+01
1.233568480133251200e+01,1.222840636489707222e+01
1.234170969588350708e+01,1.253052265149939970e+01
1.234773013512329065e+01,1.285763647377677366e+01
1.235374611905186093e+01,1.279845252883557727e+01
1.235975764766921792e+01,1.289726181644386571e+01
1.236576472097536339e+01,1.239893840455728125e+01
1.237176733897029557e+01,1.294442542343775493e+01
1.237776550165401801e+01,1.287106987573591077e+01
1.238375920902652361e+01,1.312680244656585948e+01
1.238974846108781946e+01,1.287743835771428458e+01
1.239573325783790381e+01,1.344479879368331687e+01
1.240171359927677486e+01,1.322872351258494561e+01
1.240768948540443439e+01,1.337006701465427128e+01
1.241366091622088064e+01,1.282485521913937276e+01
1.241962789172611359e+01,1.353076399833827814e+01
1.242559041192013503e+01,1.349149044121478269e+01
1.243154847680294495e+01,1.382800984503797537e+01
1.243750208637454158e+01,1.387506320741912269e+01
1.244345124063492491e+01,1.376769294739811578e+01
1.244939593958409674e+01,1.349162206299993017e+01
1.245533618322205527e+01,1.374597192898167108e+01
1.246127197154880228e+01,1.367654546264857807e+01
1.246720330456433601e+01,1.396771598204393605e+01
1.247313018226865822e+01,1.393048478160580217e+01
1.247905260466176891e+01,1.445884248663237770e+01
1.248497057174366631e+01,1.421862776252799776e+01
1.249088408351435042e+01,1.432364912654177402e+01
1.249679313997382302e+01,1.443817068482377231e+01
1.250269774112208410e+01,1.439424881229342645e+01
1.250859788695913188e+01,1.460917104928650900e+01
1.251449357748496638e+01,1.441721474669565239e+01
1.252038481269958936e+01,1.465869257320224861e+01
1.252627159260299905e+01,1.471595431855793912e+01
1.253215391719519900e+01,1.504380180228603869e+01
1.253803178647618388e+01,1.481021504401378053e+01
1.254390520044595725e+01,1.510370954429823875e+01
1.254977415910451732e+01,1.503427846022729319e+01
1.255563866245186766e+01,1.545594714346906784e+01
1.256149871048800293e+01,1.607486112295305603e+01
1.256735430321292668e+01,1.572398248081699990e+01
1.257320544062663714e+01,1.559748729911504839e+01
1.257905212272913609e+01,1.600856689885334205e+01
1.258489434952042352e+01,1.552465847961972756e+01
1.259073212100049588e+01,1.588173367305543238e+01
1.259656543716935850e+01,1.562226540635317562e+01
1.260239429802700784e+01,1.617832711969705528e+01
1.260821870357344565e+01,1.653147453383543208e+01
1.261403865380867018e+01,1.607528562882823309e+01
1.261985414873268141e+01,1.631349965118609902e+01
1.262566518834548113e+01,1.608492570909427144e+01
1.263147177264706933e+01,1.627242748912234660e+01
1.263727390163744424e+01,1.615613926204281725e+01
1.264307157531660586e+01,1.626144474513964511e+01
1.264886479368455596e+01,1.639184097432345766e+01
1.265465355674129455e+01,1.640688660824061174e+01
1.266043786448681985e+01,1.715284877906856664e+01
1.266621771692113185e+01,1.694870435067630154e+01
1.267199311404423234e+01,1.654570010176350792e+01
1.267776405585611954e+01,1.625919642831907197e+01
1.268353054235679522e+01,1.573512539743055072e+01
1.268929257354625939e+01,1.590028809330147119e+01
1.269505014942450849e+01,1.578026050367335564e+01
1.270080326999154963e+01,1.587137684144380678e+01
1.270655193524737392e+01,1.602708834731323506e+01
1.271229614519198847e+01,1.621482907182789290e+01
1.271803589982538796e+01,1.618775377623664724e+01
1.272377119914757948e+01,1.663093487004440618e+01
1.272950204315855416e+01,1.665805280263314714e+01
1.273522843185831732e+01,1.602711073577903278e+01
1.274095036524687075e+01,1.609755810979352475e+01
1.274666784332420910e+01,1.613274339297605664e+01
1.275238086609033594e+01,1.646199809945246528e+01
1.275808943354525127e+01,1.679841069126516473e+01
1.276379354568895153e+01,1.650782309915919654e+01
1.276949320252144204e+01,1.685344455163660982e+01
1.277518840404271927e+01,1.669312059545314142e+01
1.278087915025278498e+01,1.655317738421617335e+01
1.278656544115163740e+01,1.647281789968841181e+01
1.279224727673927653e+01,1.669386941089105036e+01
1.279792465701570414e+01,1.635384079040129635e+01
1.280359758198091846e+01,1.678073120690731912e+01
1.280926605163492127e+01,1.684174371874691900e+01
1.281493006597771256e+01,1.725826406976816330e+01
1.282058962500929056e+01,1.697172741554543407e+01
1.282624472872965526e+01,1.669797850613760204e+01
1.283189537713880846e+01,1.682721764206152315e+01
1.283754157023675013e+01,1.671837820128542873e+01
1.284318330802347852e+01,1.673934952650412811e+01
1.284882059049899539e+01,1.776378005822709127e+01
1.285445341766329896e+01,1.726781379611612266e+01
1.286008178951638925e+01,1.730924724201208065e+01
1.286570570605826802e+01,1.772348088373918529e+01
1.287132516728893350e+01,1.718749578683536328e+01
1.287694017320838746e+01,1.741784156584650134e+01
1.288255072381662991e+01,1.765916284148540427e+01
1.288815681911365907e+01,1.824082834188802948e+01
1.289375845909947671e+01,1.754033810750895483e+01
1.289935564377408106e+01,1.807434363786885356e+01
1.290494837313747212e+01,1.801689360488638059e+01
1.291053664718965166e+01,1.793204631282933192e+01
1.291612046593061791e+01,1.811779836070533278e+01
1.292169982936037265e+01,1.791922221369144097e+01
1.292727473747891587e+01,1.755704231309132268e+01
1.293284519028624580e+01,1.793799035522862440e+01
1.293841118778236421e+01,1.808635475789535363e+01
1.294397272996726755e+01,1.834979430507378240e+01
1.294952981684096116e+01,1.862628189366255782e+01
1.295508244840344148e+01,1.850228213629896246e+01
1.296063062465470850e+01,1.821432843795379952e+01
1.296617434559476578e+01,1.825981345585407922e+01
1.297171361122360800e+01,1.852972551697736137e+01
1.297724842154123870e+01,1.777110751716853088e+01
1.298277877654765611e+01,1.856103698294763760e+01
1.298830467624286378e+01,1.901607286488061277e+01
1.299382612062685638e+01,1.847623412751298844e+01
1.299934310969963747e+01,1.870632135502975402e+01
1.300485564346120526e+01,1.860796248080452386e+01
1.301036372191156332e+01,1.860422653071694299e+01
1.301586734505070808e+01,1.869806992430149961e+01
1.302136651287863778e+01,1.809462066347444420e+01
1.302686122539535774e+01,1.881221813041811330e+01
1.303235148260086440e+01,1.916743753465949851e+01
1.303783728449515777e+01,1.899719788240952312e+01
1.304331863107823963e+01,1.931398727549424166e+01
1.304879552235010998e+01,1.954806126587648762e+01
1.305426795831076703e+01,1.920187501459919233e+01
1.305973593896021256e+01,1.918854384160306026e+01
1.306519946429844481e+01,1.883678067856025606e+01
1.307065853432546376e+01,1.889008148851160129e+01
1.307611314904126942e+01,1.909481690066755633e+01
1.308156330844586535e+01,2.008495282883314559e+01
1.308700901253924798e+01,2.031752436209524149e+01
1.309245026132141909e+01,2.003001730297937399e+01
1.309788705479237692e+01,1.993692155655738674e+01
1.310331939295212145e+01,1.922506111343296809e+01
1.310874727580065624e+01,1.937145516039197801e+01
1.311417070333797597e+01,1.944197063785189528e+01
1.311958967556408417e+01,1.985940643508056880e+01
1.312500419247898087e+01,2.043715155942632578e+01
1.313041425408266427e+01,2.022565802973678828e+01
1.313581986037513438e+01,1.976048221838487251e+01
1.314122101135639475e+01,2.070930112094585951e+01
1.314661770702644006e+01,2.002043771767128177e+01
1.315200994738527385e+01,1.986524025171579666e+01
1.315739773243289434e+01,2.092222045235891414e+01
1.316278106216930510e+01,2.154255414597815488e+01
1.316815993659450079e+01,2.236026390108029105e+01
1.317353435570848497e+01,2.077218900804437496e+01
1.317890431951125585e+01,2.078741496171811676e+01
1.318426982800281522e+01,2.119012643853678313e+01
1.318963088118316307e+01,2.029232411944196812e+01
1.319498747905229763e+01,2.145508917703136831e+01
