#IRAS-17583-3346_flux_calibrated_x IRAS-17583-3346_flux_calibrated_y
7.301753554134764457e+00,7.927640497823764676e+00
7.310761413201799286e+00,7.354038653878534504e+00
7.319764816957621711e+00,6.577067376666123621e+00
7.328763765402231734e+00,5.746237513272631325e+00
7.337758258535629352e+00,5.047817940946890403e+00
7.346748296357814567e+00,4.778838720456374034e+00
7.355733878868787379e+00,4.535902105735285517e+00
7.364715006068547787e+00,4.597401668281746012e+00
7.373691677957094903e+00,4.746491634013080940e+00
7.382663894534431392e+00,4.900329573355278079e+00
7.391631655800554590e+00,5.238313519569895327e+00
7.400594961755465384e+00,5.410978653436134600e+00
7.409553812399163775e+00,5.451607608211906708e+00
7.418508207731648874e+00,5.268464934113236353e+00
7.427458147752922457e+00,5.011183448035143151e+00
7.436403632462984525e+00,4.932133620677729091e+00
7.445344661861833302e+00,4.789279078792984201e+00
7.454281235949468787e+00,4.767523895880986018e+00
7.463213354725892756e+00,4.644233777228723881e+00
7.472141018191104322e+00,4.508421760228535469e+00
7.481064226345103485e+00,4.184537156638585387e+00
7.489982979187890244e+00,3.947186685315775989e+00
7.498897276719464600e+00,3.664775187258036748e+00
7.507807118939826552e+00,3.664916573026058000e+00
7.516712505848975212e+00,3.702403513766574950e+00
7.525613437446913245e+00,3.755962503037921785e+00
7.534509913733637987e+00,3.644931058797462597e+00
7.543401934709149437e+00,3.770193167038400794e+00
7.552289500373450259e+00,3.681889247282075228e+00
7.561172610726537791e+00,3.784312284848694308e+00
7.570051265768412918e+00,3.684829122720774564e+00
7.578925465499074754e+00,3.642861808477007024e+00
7.587795209918525074e+00,3.383098667796295533e+00
7.596660499026762992e+00,3.154337767645588819e+00
7.605521332823788505e+00,2.860792461926164432e+00
7.614377711309601615e+00,2.825081023509786515e+00
7.623229634484203210e+00,2.831615054026929368e+00
7.632077102347590625e+00,2.915384169977600415e+00
7.640920114899766524e+00,2.947605571258036239e+00
7.649758672140729132e+00,3.133568313492866686e+00
7.658592774070481113e+00,3.333140655031838762e+00
7.667422420689020690e+00,3.582706647113399701e+00
7.676247611996346087e+00,3.684404198817707865e+00
7.685068347992460858e+00,3.978278572973265703e+00
7.693884628677361448e+00,4.043126387661081012e+00
7.702696454051049635e+00,4.148378609488136526e+00
7.711503824113527195e+00,4.115931471329450808e+00
7.720306738864791463e+00,4.232776532059115304e+00
7.729105198304843327e+00,4.131409566290696667e+00
7.737899202433682788e+00,4.245176065135181531e+00
7.746688751251308958e+00,4.151438651993763607e+00
7.755473844757725388e+00,4.112852103168302520e+00
7.764254482952926750e+00,3.987366371770349804e+00
7.773030665836916597e+00,3.907907363543307699e+00
7.781802393409693153e+00,3.539672665018728459e+00
7.790569665671258193e+00,3.356807742281630702e+00
7.799332482621611717e+00,3.115452042337741645e+00
7.808090844260751950e+00,3.098925340151892804e+00
7.816844750588679780e+00,3.009079345084072266e+00
7.825594201605395206e+00,3.041268634123241554e+00
7.834339197310898228e+00,3.012255775135296076e+00
7.843079737705188847e+00,3.134442644794100286e+00
7.851815822788266175e+00,3.199230167420565873e+00
7.860547452560132875e+00,3.266071427177933639e+00
7.869274627020786284e+00,3.238831984741294523e+00
7.877997346170227289e+00,3.291332843542850384e+00
7.886715610008455890e+00,3.252818516092173873e+00
7.895429418535472976e+00,3.406991890343050944e+00
7.904138771751275883e+00,3.406249574137909963e+00
7.912843669655866385e+00,3.453679740063495540e+00
7.921544112249245373e+00,3.513510987555326981e+00
7.930240099531412845e+00,3.633180086771651052e+00
7.938931631502367026e+00,3.618726303018318102e+00
7.947618708162107914e+00,3.576113453828083433e+00
7.956301329510637288e+00,3.540640633900482559e+00
7.964979495547956034e+00,3.500886798031735303e+00
7.973653206274060601e+00,3.356407084491065618e+00
7.982322461688951876e+00,3.335231366359697969e+00
7.990987261792631635e+00,3.247180087816744720e+00
7.999647606585098991e+00,3.106000150800065196e+00
8.008303496066353944e+00,2.961931663634886913e+00
8.016954930236396493e+00,2.913451533903609558e+00
8.025601909095227526e+00,2.812210206193107798e+00
8.034244432642843492e+00,2.809997496937779005e+00
8.042882500879249719e+00,2.780324968887587733e+00
8.051516113804442654e+00,2.829560344892879886e+00
8.060145271418424073e+00,2.760367536171586256e+00
8.068769973721192201e+00,2.826378895053593965e+00
8.077390220712747038e+00,2.799175827395098182e+00
8.086006012393092135e+00,2.904675497878637547e+00
8.094617348762222164e+00,2.876523305132091757e+00
8.103224229820140678e+00,2.892574066779760589e+00
8.111826655566847677e+00,2.819548265763772932e+00
8.120424626002341384e+00,2.832595490461664589e+00
8.129018141126621799e+00,2.787789726288435688e+00
8.137607200939690699e+00,2.811851747008444757e+00
8.146191805441546308e+00,2.759210157344592407e+00
8.154771954632190401e+00,2.746887870901116191e+00
8.163347648511622978e+00,2.720983751707597875e+00
8.171918887079842264e+00,2.712531815708145722e+00
8.180485670336850035e+00,2.738289189740258145e+00
8.189047998282642737e+00,2.765037768470780755e+00
8.197605870917225701e+00,2.802231093701135656e+00
8.206159288240595373e+00,2.821875981116095389e+00
8.214708250252753530e+00,2.868348078456376182e+00
8.223252756953696618e+00,2.822278816455548345e+00
8.231792808343429968e+00,2.818890309241684822e+00
8.240328404421950026e+00,2.803780750343231265e+00
8.248859545189256792e+00,2.767276011566955241e+00
8.257386230645353820e+00,2.801370584717012502e+00
8.265908460790235779e+00,2.803364427754901911e+00
8.274426235623906223e+00,2.807331014260893820e+00
8.282939555146365151e+00,2.798118431899509595e+00
8.291448419357610788e+00,2.810976171088941822e+00
8.299952828257644910e+00,2.781691772715395139e+00
8.308452781846463964e+00,2.735873191087541567e+00
8.316948280124073278e+00,2.714713248763394038e+00
8.325439323090469301e+00,2.704106330059923735e+00
8.333925910745652033e+00,2.718048097311952294e+00
8.342408043089623249e+00,2.700766102781847700e+00
8.350885720122382949e+00,2.710404294649927159e+00
8.359358941843929358e+00,2.726605418301642381e+00
8.367827708254262475e+00,2.808114755743828184e+00
8.376292019353384077e+00,2.743888658932649882e+00
8.384751875141294164e+00,2.781197222890442688e+00
8.393207275617990959e+00,2.755021428799518279e+00
8.401658220783476239e+00,2.807141595392013578e+00
8.410104710637748227e+00,2.795721945284618037e+00
8.418546745180808699e+00,2.886158712756512923e+00
8.426984324412655880e+00,2.865283581003711610e+00
8.435417448333289769e+00,2.933030271378423759e+00
8.443846116942712143e+00,2.897590757094730129e+00
8.452270330240923002e+00,2.979412955090603887e+00
8.460690088227920569e+00,2.910787071121974101e+00
8.469105390903704844e+00,2.998126376743852184e+00
8.477516238268277604e+00,2.909723887421912014e+00
8.485922630321637072e+00,3.038809386030005388e+00
8.494324567063785025e+00,2.868153456668502077e+00
8.502722048494723239e+00,2.951552552613755154e+00
8.511115074614444609e+00,2.929037063352076586e+00
8.519503645422956239e+00,2.920943019449739886e+00
8.527887760920252802e+00,2.927025606976902949e+00
8.536267421106341402e+00,2.979219032797069566e+00
8.544642625981213158e+00,2.984695287050291856e+00
8.553013375544875174e+00,2.960143694756802724e+00
8.561379669797323899e+00,2.925806773542662054e+00
8.569741508738559332e+00,2.918225934353539497e+00
8.578098892368585027e+00,2.897855604063792612e+00
8.586451820687395653e+00,2.934864304997602868e+00
8.594800293694996540e+00,2.922740657488856808e+00
8.603144311391382359e+00,2.979835145238602045e+00
8.611483873776556663e+00,2.917155835743125092e+00
8.619818980850517676e+00,2.980402542231369356e+00
8.628149632613267173e+00,2.959352593830050449e+00
8.636475829064805154e+00,3.006834169563660009e+00
8.644797570205129844e+00,2.986261819498732262e+00
8.653114856034243019e+00,3.060137225306167164e+00
8.661427686552142902e+00,3.039916300069935851e+00
8.669736061758829493e+00,3.086509073652903723e+00
8.678039981654304569e+00,3.078265398016882592e+00
8.686339446238568129e+00,3.143163881522091696e+00
8.694634455511618398e+00,3.071147992773513913e+00
8.702925009473457152e+00,3.208664171893648387e+00
8.711211108124080837e+00,3.119620176479012130e+00
8.719492751463494784e+00,3.232749425239816343e+00
8.727769939491695439e+00,3.008439265729647705e+00
8.736042672208684579e+00,3.173610129660493495e+00
8.744310949614460426e+00,3.087525440035449265e+00
8.752574771709022983e+00,3.365489451534037002e+00
8.760834138492374024e+00,3.081106719007976391e+00
8.769089049964513549e+00,3.239615115522364697e+00
8.777339506125439783e+00,3.146710538298596926e+00
8.785585506975152725e+00,3.216681697922946004e+00
8.793827052513654152e+00,3.098427253373896129e+00
8.802064142740945840e+00,3.184017278453026289e+00
8.810296777657022460e+00,3.130487312609400163e+00
8.818524957261885788e+00,3.174295840326614382e+00
8.826748681555537601e+00,3.141141890788812674e+00
8.834967950537976122e+00,3.166967649541446050e+00
8.843182764209204905e+00,3.065066830264038700e+00
8.851393122569218619e+00,3.123665804470253882e+00
8.859599025618020818e+00,3.068932629289923497e+00
8.867800473355611501e+00,3.157979349950704506e+00
8.875997465781988893e+00,3.108306428604758587e+00
8.884190002897154770e+00,3.163114421056447689e+00
8.892378084701107355e+00,3.149313292339145143e+00
8.900561711193846648e+00,3.197728069721005983e+00
8.908740882375374426e+00,3.170802220822501294e+00
8.916915598245688912e+00,3.179635877723667292e+00
8.925085858804793659e+00,3.141941583328260457e+00
8.933251664052685115e+00,3.162707764324901749e+00
8.941413013989361502e+00,3.141080988259064455e+00
8.949569908614828151e+00,3.195592798124936351e+00
8.957722347929081508e+00,3.092122340080852627e+00
8.965870331932123349e+00,3.217922514405317624e+00
8.974013860623951899e+00,3.107998464884575540e+00
8.982152934004567157e+00,3.227493030288123066e+00
8.990287552073970900e+00,3.047426627782701125e+00
8.998417714832163128e+00,3.205090591175266290e+00
9.006543422279142064e+00,3.192113184742233045e+00
9.014664674414909484e+00,3.279655480602480022e+00
9.022781471239461837e+00,3.085968531929319525e+00
9.030893812752804450e+00,3.169451192521847371e+00
9.039001698954933772e+00,3.072498560545972257e+00
9.047105129845851579e+00,3.091722377695018675e+00
9.055204105425556094e+00,2.972792773158693169e+00
9.063298625694049093e+00,3.073620438313283021e+00
9.071388690651328801e+00,3.003676813975978632e+00
9.079474300297395217e+00,3.029705805764167259e+00
9.087555454632250118e+00,2.973782436171704457e+00
9.095632153655893504e+00,3.001530340866736868e+00
9.103704397368323598e+00,2.947963530144913413e+00
9.111772185769540400e+00,3.043095105102752385e+00
9.119835518859547463e+00,2.962770998167830960e+00
9.127894396638341235e+00,2.998503729208384705e+00
9.135948819105921714e+00,2.863356974380876885e+00
9.143998786262288903e+00,2.919282700868432556e+00
9.152044298107444575e+00,2.884657019038721959e+00
9.160085354641388733e+00,2.928020172205042293e+00
9.168121955864119599e+00,2.869113034201017598e+00
9.176154101775637173e+00,2.893171678999006069e+00
9.184181792375945008e+00,2.864961785348006273e+00
9.192205027665037775e+00,2.858646881650880101e+00
9.200223807642920804e+00,2.823027364009437878e+00
9.208238132309588764e+00,2.865640950702747158e+00
9.216248001665046985e+00,2.771513770937358956e+00
9.224253415709290138e+00,2.856245428538792819e+00
9.232254374442321776e+00,2.784091674497670699e+00
9.240250877864140122e+00,2.890742293239120464e+00
9.248242925974748729e+00,2.766594537752271155e+00
9.256230518774142269e+00,2.869660150277311139e+00
9.264213656262324292e+00,2.803127501686222267e+00
9.272192338439294801e+00,2.891044560744886027e+00
9.280166565305052018e+00,2.719523978174613443e+00
9.288136336859597719e+00,2.772155502334412436e+00
9.296101653102930129e+00,2.738284123291136574e+00
9.304062514035049247e+00,2.746614213466220811e+00
9.312018919655956850e+00,2.723318040783176741e+00
9.319970869965652938e+00,2.745757805082853054e+00
9.327918364964135733e+00,2.725853928744590871e+00
9.335861404651407014e+00,2.722735371210507349e+00
9.343799989027465003e+00,2.745956750779398714e+00
9.351734118092309700e+00,2.770361553644146380e+00
9.359663791845942882e+00,2.791635161173453561e+00
9.367589010288364548e+00,2.832289102499410571e+00
9.375509773419572923e+00,2.892715006116447274e+00
9.383426081239568006e+00,2.938792826535934655e+00
9.391337933748353350e+00,2.972103912630791989e+00
9.399245330945925403e+00,3.015416811132478170e+00
9.407148272832284164e+00,3.070967334967285023e+00
9.415046759407431409e+00,3.073845554545021841e+00
9.422940790671365363e+00,3.166052479324370061e+00
9.430830366624086025e+00,3.102646642262118615e+00
9.438715487265595172e+00,3.151944830551031806e+00
9.446596152595891027e+00,3.152439906037717510e+00
9.454472362614977143e+00,3.202959474495857606e+00
9.462344117322849968e+00,3.162996646934829403e+00
9.470211416719507724e+00,3.219161175067226655e+00
9.478074260804957518e+00,3.058316086953007051e+00
9.485932649579190468e+00,3.113534042601974416e+00
9.493786583042213678e+00,3.009940374111464312e+00
9.501636061194023597e+00,3.087303012036656469e+00
9.509481084034622000e+00,2.971970969732613543e+00
9.517321651564007112e+00,2.943782514044934295e+00
9.525157763782178932e+00,2.856831473107320996e+00
9.532989420689141014e+00,2.825844035397985010e+00
9.540816622284888027e+00,2.669715902656474515e+00
9.548639368569425301e+00,2.632733133811935744e+00
9.556457659542747507e+00,2.566504909740753515e+00
9.564271495204858198e+00,2.574893406350621916e+00
9.572080875555757373e+00,2.573861013641933315e+00
9.579885800595443257e+00,2.664459335340767954e+00
9.587686270323917626e+00,2.766607017970136972e+00
9.595482284741178702e+00,2.894340207758727246e+00
9.603273843847226487e+00,2.959221702936169596e+00
9.611060947642062757e+00,3.056862454696033016e+00
9.618843596125687512e+00,3.053622928842293138e+00
9.626621789298098975e+00,2.975977075487098666e+00
9.634395527159298922e+00,2.820826429308742167e+00
9.642164809709285578e+00,2.764504760808066841e+00
9.649929636948058942e+00,2.734145093160185613e+00
9.657690008875620791e+00,2.736793788971212393e+00
9.665445925491971124e+00,2.660656652031131664e+00
9.673197386797108166e+00,2.700966189881313984e+00
9.680944392791033692e+00,2.698667144608706714e+00
9.688686943473745927e+00,2.719938889532113269e+00
9.696425038845246647e+00,2.717532416265047601e+00
9.704158678905534074e+00,2.726270263511604064e+00
9.711887863654608211e+00,2.731966097729438214e+00
9.719612593092472608e+00,2.778039953770558235e+00
9.727332867219123713e+00,2.695508538278892807e+00
9.735048686034561527e+00,2.673431066500677744e+00
9.742760049538786049e+00,2.681983328826239799e+00
9.750466957731799056e+00,2.701086299267787538e+00
9.758169410613600547e+00,2.653993937273874781e+00
9.765867408184188747e+00,2.704386768199906310e+00
9.773560950443565432e+00,2.659690918513172520e+00
9.781250037391728824e+00,2.667270900526981237e+00
9.788934669028680702e+00,2.608049080930271213e+00
9.796614845354417511e+00,2.643175052034468564e+00
9.804290566368946358e+00,2.602997304454304217e+00
9.811961832072258360e+00,2.629915186916629288e+00
9.819628642464362400e+00,2.594033925165732057e+00
9.827290997545249596e+00,2.622489933426451536e+00
9.834948897314927052e+00,2.527640815703741328e+00
9.842602341773391217e+00,2.543345025009194682e+00
9.850251330920643866e+00,2.528610378500867117e+00
9.857895864756683224e+00,2.549272766342499441e+00
9.865535943281511067e+00,2.535036264830338837e+00
9.873171566495125617e+00,2.504608396690684913e+00
9.880802734397526876e+00,2.480849226304520982e+00
9.888429446988718396e+00,2.487669458360460606e+00
9.896051704268696625e+00,2.501038134613251529e+00
9.903669506237459785e+00,2.521686161044033536e+00
9.911282852895013207e+00,2.473697187938434627e+00
9.918891744241353337e+00,2.490304472226500199e+00
9.926496180276481951e+00,2.480170687459603673e+00
9.934096161000397274e+00,2.470542210754409052e+00
9.941691686413101081e+00,2.476116612357152746e+00
9.949282756514589821e+00,2.450790074166590671e+00
9.956869371304868821e+00,2.488350396485178972e+00
9.964451530783934530e+00,2.455552497988607197e+00
9.972029234951788723e+00,2.518840428627401096e+00
9.979602483808429625e+00,2.472612100515750644e+00
9.987171277353859011e+00,2.499204052030023160e+00
9.994735615588075106e+00,2.358278697057354822e+00
1.000229549851107969e+01,2.512539061502891080e+00
1.000985092612287097e+01,2.489276290962550764e+00
1.001740189842345075e+01,2.578179719632471389e+00
1.002494841541281723e+01,2.394689379738573543e+00
1.003249047709097042e+01,2.498480796859074093e+00
1.004002808345791209e+01,2.498828409615401203e+00
1.004756123451364402e+01,2.564430400822775180e+00
1.005508993025816089e+01,2.506951778833766298e+00
1.006261417069146447e+01,2.542973499484176170e+00
1.007013395581355653e+01,2.469565604069436482e+00
1.007764928562443707e+01,2.520803542788578433e+00
1.008516016012410432e+01,2.522181305837511989e+00
1.009266657931256006e+01,2.550216731517819913e+00
1.010016854318980251e+01,2.494812054147020230e+00
1.010766605175583166e+01,2.562075003100530601e+00
1.011515910501065107e+01,2.558652224709884404e+00
1.012264770295425542e+01,2.569169978890689876e+00
1.013013184558665003e+01,2.506501684344806247e+00
1.013761153290783135e+01,2.546076026300550410e+00
1.014508676491779937e+01,2.531991839244573939e+00
1.015255754161655588e+01,2.577363324192559535e+00
1.016002386300409732e+01,2.529480895958820863e+00
1.016748572908042902e+01,2.588645556002061809e+00
1.017494313984554921e+01,2.572964634152406393e+00
1.018239609529945433e+01,2.612264134204629773e+00
1.018984459544214793e+01,2.561154250005093669e+00
1.019728864027363002e+01,2.650354173437630578e+00
1.020472822979389882e+01,2.571921551653651328e+00
1.021216336400295432e+01,2.678252199953215396e+00
1.021959404290080009e+01,2.577795412846958900e+00
1.022702026648743079e+01,2.696262501046081006e+00
1.023444203476285175e+01,2.563748493531261996e+00
1.024185934772705764e+01,2.771123725127692339e+00
1.024927220538005379e+01,2.634600659835545144e+00
1.025668060772183487e+01,2.783539276560175857e+00
1.026408455475240622e+01,2.609622227238698411e+00
1.027148404647176250e+01,2.709429657215292941e+00
1.027887908287990726e+01,2.674180047568258889e+00
1.028626966397684050e+01,2.698920327665245811e+00
1.029365578976256046e+01,2.610698158006812264e+00
1.030103746023706890e+01,2.682759539617487921e+00
1.030841467540036405e+01,2.637049446738573000e+00
1.031578743525244768e+01,2.657291121134427669e+00
1.032315573979331802e+01,2.606301647338062022e+00
1.033051958902297685e+01,2.725275458056367395e+00
1.033787898294142238e+01,2.719349100761657922e+00
1.034523392154865640e+01,2.766559699853395227e+00
1.035258440484467712e+01,2.719516032271434902e+00
1.035993043282948456e+01,2.737721101582819561e+00
1.036727200550308226e+01,2.665545376451599502e+00
1.037460912286546488e+01,2.740880999610318725e+00
1.038194178491663600e+01,2.751034482206891951e+00
1.038926999165659559e+01,2.755513179995731754e+00
1.039659374308534190e+01,2.710022266538293145e+00
1.040391303920287669e+01,2.758594867148682184e+00
1.041122788000919819e+01,2.725923711062495425e+00
1.041853826550430817e+01,2.746866062943790876e+00
1.042584419568820486e+01,2.703630723059004204e+00
1.043314567056089004e+01,2.837080937318681162e+00
1.044044269012236370e+01,2.737403274057891522e+00
1.044773525437262229e+01,2.823748063586577040e+00
1.045502336331166937e+01,2.714839250104388313e+00
1.046230701693950493e+01,2.849140806930583469e+00
1.046958621525612720e+01,2.643993070613535945e+00
1.047686095826153796e+01,2.827202908672642678e+00
1.048413124595573542e+01,2.802598279454026731e+00
1.049139707833872137e+01,2.974764516481127163e+00
1.049865845541049225e+01,2.746748748267247908e+00
1.050591537717105339e+01,2.817366602747060522e+00
1.051316784362040124e+01,2.775429392312310117e+00
1.052041585475853758e+01,2.821234806850668964e+00
1.052765941058546240e+01,2.765069256751010673e+00
1.053489851110117215e+01,2.808615640574513517e+00
1.054213315630567216e+01,2.750801305621578319e+00
1.054936334619895710e+01,2.784830101414987880e+00
1.055658908078103053e+01,2.767928060077588626e+00
1.056381036005189245e+01,2.815263783152681221e+00
1.057102718401154107e+01,2.764351989136518029e+00
1.057823955265997817e+01,2.822691536777467203e+00
1.058544746599720199e+01,2.783424049896359165e+00
1.059265092402321429e+01,2.891179482026348335e+00
1.059984992673801329e+01,2.822650773013270609e+00
1.060704447414160079e+01,2.897477316364795996e+00
1.061423456623397499e+01,2.878072564804933897e+00
1.062142020301513590e+01,2.910683030046149700e+00
1.062860138448508707e+01,2.866598136475067893e+00
1.063577811064382495e+01,2.928032449959453665e+00
1.064295038149134953e+01,2.937228095443333409e+00
1.065011819702766260e+01,2.950863255084772430e+00
1.065728155725276238e+01,2.924566725818105617e+00
1.066444046216665065e+01,2.971784302748136763e+00
1.067159491176932562e+01,2.897122317117165391e+00
1.067874490606078730e+01,3.013119971183249035e+00
1.068589044504103924e+01,2.967149518566253974e+00
1.069303152871007612e+01,3.104119515829901310e+00
1.070016815706790325e+01,2.888121722913213674e+00
1.070730033011451710e+01,3.169755763245838409e+00
1.071442804784991587e+01,3.080239777847879612e+00
1.072155131027410491e+01,3.185410440847501690e+00
1.072867011738708243e+01,2.952434919423498449e+00
1.073578446918884488e+01,3.132468428645541092e+00
1.074289436567939759e+01,3.083635875618397026e+00
1.074999980685873702e+01,3.105565271313050157e+00
1.075710079272686137e+01,3.048988681965179914e+00
1.076419732328377599e+01,3.135556147466569410e+00
1.077128939852947731e+01,3.046055346383638618e+00
1.077837701846396712e+01,3.139182971137313594e+00
1.078546018308724541e+01,3.078235353705768063e+00
1.079253889239931041e+01,3.143909818283620705e+00
1.079961314640016035e+01,3.073069763501386831e+00
1.080668294508980054e+01,3.128325481830815935e+00
1.081374828846822744e+01,3.075750536256038448e+00
1.082080917653544283e+01,3.124358166629869427e+00
1.082786560929144493e+01,3.046088091389239860e+00
1.083491758673623551e+01,3.136515323400361321e+00
1.084196510886981279e+01,3.052642751618881878e+00
1.084900817569217857e+01,3.102735420988079973e+00
1.085604678720333105e+01,3.039375854477823324e+00
1.086308094340327202e+01,3.108143016024297989e+00
1.087011064429199969e+01,3.080617825832919987e+00
1.087713588986951585e+01,3.145812581748177017e+00
1.088415668013581872e+01,3.118031491118036236e+00
1.089117301509091007e+01,3.225655050573157379e+00
1.089818489473478813e+01,3.130678754317242962e+00
1.090519231906745468e+01,3.268060501834650466e+00
1.091219528808890971e+01,3.155182524679426948e+00
1.091919380179914967e+01,3.259009798022234783e+00
1.092618786019817811e+01,3.065239259299182173e+00
1.093317746328599505e+01,3.288435185908858749e+00
1.094016261106259869e+01,3.223043453044064588e+00
1.094714330352799081e+01,3.357068535335155257e+00
1.095411954068216964e+01,3.164299234310102182e+00
1.096109132252513696e+01,3.284862181645880508e+00
1.096805864905689099e+01,3.200545939405059492e+00
1.097502152027743350e+01,3.242996992134314027e+00
1.098197993618676271e+01,3.186392056422285179e+00
1.098893389678488042e+01,3.221562936154026779e+00
1.099588340207178483e+01,3.180862550724969040e+00
1.100282845204747773e+01,3.250378564869059961e+00
1.100976904671195733e+01,3.208344587429520001e+00
1.101670518606522542e+01,3.274723085075593954e+00
1.102363687010728022e+01,3.292210123576477798e+00
1.103056409883812350e+01,3.332932931496843221e+00
1.103748687225775349e+01,3.293538258957628528e+00
1.104440519036617196e+01,3.329280693040679751e+00
1.105131905316337715e+01,3.275565164091229331e+00
1.105822846064937082e+01,3.334407314162012081e+00
1.106513341282415119e+01,3.302268579008797111e+00
1.107203390968771828e+01,3.344622920418689915e+00
1.107892995124007562e+01,3.297243482912808776e+00
1.108582153748121968e+01,3.401483790943805818e+00
1.109270866841115044e+01,3.343619735988124564e+00
1.109959134402986969e+01,3.374435825580567538e+00
1.110646956433737564e+01,3.322775313391341356e+00
1.111334332933366831e+01,3.371149119154570606e+00
1.112021263901875123e+01,3.296874549030601731e+00
1.112707749339262087e+01,3.436178005505713617e+00
1.113393789245527721e+01,3.382593104870040168e+00
1.114079383620672203e+01,3.508430845118753361e+00
1.114764532464695357e+01,3.313774385307363790e+00
1.115449235777597181e+01,3.562075677535863960e+00
1.116133493559378032e+01,3.452763683644311854e+00
1.116817305810037553e+01,3.616653000710886356e+00
1.117500672529575745e+01,3.381999352630979949e+00
1.118183593717992785e+01,3.440537211112731253e+00
1.118866069375288497e+01,3.431236560673854186e+00
1.119548099501463057e+01,3.444432532377176948e+00
1.120229684096516287e+01,3.416936866105610537e+00
1.120910823160448366e+01,3.440462888893065951e+00
1.121591516693259294e+01,3.416419945041912598e+00
1.122271764694948715e+01,3.451095958456101176e+00
1.122951567165517162e+01,3.415909988383178941e+00
1.123630924104964102e+01,3.491970697709278593e+00
1.124309835513290068e+01,3.404043129683989477e+00
1.124988301390494527e+01,3.496389327442668282e+00
1.125666321736577835e+01,3.476299067574892376e+00
1.126343896551539991e+01,3.552625812964971708e+00
1.127021025835380819e+01,3.433672818542004901e+00
1.127697709588100494e+01,3.484963835733952298e+00
1.128373947809699018e+01,3.423393997644762266e+00
1.129049740500176213e+01,3.486772062964427654e+00
1.129725087659531901e+01,3.425012469778607294e+00
1.130399989287766616e+01,3.529071661728458320e+00
1.131074445384880178e+01,3.477520039236492000e+00
1.131748455950872412e+01,3.548702246983910680e+00
1.132422020985743316e+01,3.547905853955384270e+00
1.133095140489493069e+01,3.666841029095602167e+00
1.133767814462121493e+01,3.527553821682351654e+00
1.134440042903628765e+01,3.615517422082988652e+00
1.135111825814014708e+01,3.538984095887752979e+00
1.135783163193279499e+01,3.687361138051592491e+00
1.136454055041422961e+01,3.448046262046116972e+00
1.137124501358445272e+01,3.721239301387523124e+00
1.137794502144346254e+01,3.664681882737546914e+00
1.138464057399126084e+01,3.858556253194694641e+00
1.139133167122784585e+01,3.580463925338530640e+00
1.139801831315321934e+01,3.707248455218099537e+00
1.140470049976737954e+01,3.640174507947123494e+00
1.141137823107032823e+01,3.736962219434072363e+00
1.141805150706206362e+01,3.695698757492865472e+00
1.142472032774258750e+01,3.715232993251250893e+00
1.143138469311189809e+01,3.631180304901401978e+00
1.143804460316999716e+01,3.732567149233184445e+00
1.144470005791688294e+01,3.721996386150461245e+00
1.145135105735255721e+01,3.832111603472885264e+00
1.145799760147701818e+01,3.711421894453010850e+00
1.146463969029026764e+01,3.779416578483799860e+00
1.147127732379230558e+01,3.691343056468432415e+00
1.147791050198312846e+01,3.795629601089339111e+00
1.148453922486274159e+01,3.762202933098107938e+00
1.149116349243113966e+01,3.870946826108231154e+00
1.149778330468832799e+01,3.742845208583768901e+00
1.150439866163430125e+01,3.765419672377630089e+00
1.151100956326906477e+01,3.685040050156395797e+00
1.151761600959261500e+01,3.793730354929944593e+00
1.152421800060495016e+01,3.787494719141173860e+00
1.153081553630607736e+01,3.873218015373943501e+00
1.153740861669598949e+01,3.786539499985566160e+00
1.154399724177468833e+01,3.877768409395592197e+00
1.155058141154217743e+01,3.774474921546283390e+00
1.155716112599845324e+01,3.950651380531130741e+00
1.156373638514351576e+01,3.859463323066915752e+00
1.157030718897736676e+01,3.952871900179767195e+00
1.157687353750000447e+01,3.721814158252817251e+00
1.158343543071143067e+01,3.921462000812676152e+00
1.158999286861164357e+01,3.822811406877090423e+00
1.159654585120064496e+01,4.035132788781977453e+00
1.160309437847843306e+01,3.850829100703921259e+00
1.160963845044500964e+01,4.008743213627409041e+00
1.161617806710037293e+01,3.922015755645624768e+00
1.162271322844452470e+01,3.952541307920818259e+00
1.162924393447746318e+01,3.890565947601151819e+00
1.163577018519919015e+01,3.984864606423977218e+00
1.164229198060970560e+01,3.884989616591083550e+00
1.164880932070900776e+01,3.980828303048762340e+00
1.165532220549709663e+01,3.875557000630061477e+00
1.166183063497397221e+01,3.910427104000877563e+00
1.166833460913963805e+01,3.817988930298730210e+00
1.167483412799409059e+01,3.985075268913404578e+00
1.168132919153732985e+01,3.906860649625922832e+00
1.168781979976935759e+01,3.898335172824987538e+00
1.169430595269017381e+01,3.793689195769605060e+00
1.170078765029977497e+01,3.830970298343863600e+00
1.170726489259816461e+01,3.705011858737799813e+00
1.171373767958534273e+01,3.700523570699493003e+00
1.172020601126130757e+01,3.682970853738180228e+00
1.172666988762606266e+01,3.859987513296683659e+00
1.173312930867960091e+01,3.771200309187801913e+00
1.173958427442193120e+01,3.782408358436243123e+00
1.174603478485304464e+01,3.663991149952598114e+00
1.175248083997295012e+01,3.773037093591177449e+00
1.175892243978163876e+01,3.739376756780700362e+00
1.176535958427911943e+01,3.890722220815917343e+00
1.177179227346538504e+01,3.778046940598831949e+00
1.177822050734043735e+01,3.873923181398752025e+00
1.178464428590427993e+01,3.686468385096898004e+00
1.179106360915690921e+01,4.034851637816873726e+00
1.179747847709832520e+01,4.009288020535815456e+00
1.180388888972852968e+01,4.155061599208391243e+00
1.181029484704752086e+01,3.831833661063944962e+00
1.181669634905530053e+01,4.056095028257599822e+00
1.182309339575186868e+01,3.997421389895137622e+00
1.182948598713722355e+01,4.066619566946424236e+00
1.183587412321136512e+01,3.967706600835931408e+00
1.184225780397429340e+01,4.137088672747272433e+00
1.184863702942601016e+01,4.039947559203600491e+00
1.185501179956651541e+01,4.119551981128969587e+00
1.186138211439580914e+01,4.077169951800258652e+00
1.186774797391388780e+01,4.066485876910275188e+00
1.187410937812075673e+01,3.997383668896306919e+00
1.188046632701641236e+01,4.054487549457582496e+00
1.188681882060085648e+01,4.036554628714097426e+00
1.189316685887408553e+01,4.093539583450138686e+00
1.189951044183610307e+01,3.940028956193686760e+00
1.190584956948690909e+01,4.049134408705428179e+00
1.191218424182650182e+01,4.018709607526717242e+00
1.191851445885488481e+01,4.024429226184737196e+00
1.192484022057205273e+01,3.991896352982486906e+00
1.193116152697800736e+01,4.054398580095984528e+00
1.193747837807275225e+01,4.015271211188156109e+00
1.194379077385628385e+01,3.991499113313351277e+00
1.195009871432860216e+01,3.931699495884642737e+00
1.195640219948970895e+01,4.086595327729805049e+00
1.196270122933960245e+01,4.009815196913611324e+00
1.196899580387828443e+01,4.154315092192455872e+00
1.197528592310575490e+01,4.057850098647363346e+00
1.198157158702201031e+01,4.216952478137362625e+00
1.198785279562705597e+01,3.960655807440057963e+00
1.199412954892088834e+01,4.171208079988743656e+00
1.200040184690350742e+01,4.049733795540587877e+00
1.200666968957491498e+01,4.294269092916903396e+00
1.201293307693510926e+01,4.051024279382755111e+00
1.201919200898409201e+01,4.207549758633239101e+00
1.202544648572186325e+01,4.098871368592507558e+00
1.203169650714841943e+01,4.075553720510547429e+00
1.203794207326376409e+01,3.990663473524084903e+00
1.204418318406789723e+01,4.073421166050034792e+00
1.205041983956081886e+01,4.012035973793776300e+00
1.205665203974252719e+01,4.141389831729987314e+00
1.206287978461302046e+01,4.110461893869557848e+00
1.206910307417230399e+01,4.059333636201597706e+00
1.207532190842037600e+01,3.932457127627484894e+00
1.208153628735723473e+01,4.010298561894106051e+00
1.208774621098288016e+01,4.061388013741322744e+00
1.209395167929731407e+01,4.059912520422568782e+00
1.210015269230053470e+01,3.977590710046488454e+00
1.210634924999254380e+01,4.047604662392175534e+00
1.211254135237334140e+01,3.922865836476653101e+00
1.211872899944292392e+01,3.933697489363563449e+00
1.212491219120129671e+01,3.870333576228416117e+00
1.213109092764845443e+01,3.948214111193954601e+00
1.213726520878440240e+01,3.891345103643117032e+00
1.214343503460913709e+01,4.121186609895879371e+00
1.214960040512265849e+01,4.027657080602967454e+00
1.215576132032496837e+01,4.036829828476744986e+00
1.216191778021606495e+01,3.878933897752308457e+00
1.216806978479595180e+01,4.035626945134845656e+00
1.217421733406462359e+01,3.945968224440769667e+00
1.218036042802208208e+01,4.132786924014876462e+00
1.218649906666833083e+01,3.956798271845834769e+00
1.219263325000336629e+01,4.243407416885013106e+00
1.219876297802718845e+01,4.104011546883562289e+00
1.220488825073979910e+01,4.197763826934263420e+00
1.221100906814119647e+01,3.931065621201479843e+00
1.221712543023138231e+01,4.022831433635495557e+00
1.222323733701035486e+01,4.001443838797767327e+00
1.222934478847811768e+01,4.029128360781767171e+00
1.223544778463466365e+01,3.970032246996678005e+00
1.224154632548000166e+01,4.017826087245357058e+00
1.224764041101412460e+01,3.907118610634691791e+00
1.225373004123703602e+01,4.051422276425324931e+00
1.225981521614873415e+01,4.014915078700141748e+00
1.226589593574922255e+01,4.057379112857736558e+00
1.227197220003849409e+01,4.056027551365206207e+00
1.227804400901655590e+01,4.053999636663037087e+00
1.228411136268340620e+01,3.971062188941532067e+00
1.229017426103904320e+01,3.873581965353078527e+00
1.229623270408346691e+01,3.800916325642667015e+00
1.230228669181667911e+01,3.881379568208801700e+00
1.230833622423867801e+01,3.816495621562659757e+00
1.231438130134946540e+01,3.903468151261546559e+00
1.232042192314904128e+01,3.857159749321735109e+00
1.232645808963740208e+01,3.969631136881598632e+00
1.233248980081455315e+01,3.861872582726206815e+00
1.233851705668049092e+01,3.908193818605283365e+00
1.234453985723521541e+01,3.864866849882252264e+00
1.235055820247872838e+01,3.985635227907023737e+00
1.235657209241102805e+01,3.852205207617400262e+00
1.236258152703211621e+01,4.012170426211588037e+00
1.236858650634199108e+01,3.877900185231903496e+00
1.237458703034065444e+01,3.948666033874320913e+00
1.238058309902810628e+01,3.701175308275789000e+00
1.238657471240434482e+01,3.895694425982743070e+00
1.239256187046937008e+01,3.935649384441751053e+00
1.239854457322318382e+01,4.065085776552409769e+00
1.240452282066578604e+01,3.702917270863457677e+00
1.241049661279717320e+01,3.797786850974166128e+00
1.241646594961734884e+01,3.744790691271678629e+00
1.242243083112631474e+01,3.868254934119731203e+00
1.242839125732406558e+01,3.781784839232165130e+00
1.243434722821060490e+01,3.957027761727789361e+00
1.244029874378593092e+01,3.938761265287560320e+00
1.244624580405004544e+01,3.987623782265692807e+00
1.245218840900294666e+01,3.886595300020719623e+00
1.245812655864463636e+01,3.964976924971449712e+00
1.246406025297511455e+01,3.862668501650866393e+00
1.246998949199437945e+01,3.848302438097687794e+00
1.247591427570243106e+01,3.822725497657834204e+00
1.248183460409927115e+01,3.856751243201593571e+00
1.248775047718489795e+01,3.870870443613330547e+00
1.249366189495931323e+01,3.938831295171372648e+00
1.249956885742251700e+01,4.035141294954113000e+00
1.250547136457450748e+01,4.115718420077111972e+00
1.251136941641528288e+01,4.237201339041551051e+00
1.251726301294485033e+01,4.239590515627225109e+00
1.252315215416320271e+01,4.366288244676091779e+00
1.252903684007034357e+01,4.328776578644297324e+00
1.253491707066627292e+01,4.379560904352906014e+00
1.254079284595098720e+01,4.419318273516365636e+00
1.254666416592448996e+01,4.406736928290871269e+00
1.255253103058678121e+01,4.363824386930339472e+00
1.255839343993786095e+01,4.347265370838025333e+00
1.256425139397772739e+01,4.301529735587302561e+00
1.257010489270638054e+01,4.335948867838208542e+00
1.257595393612382217e+01,4.260222343150528168e+00
1.258179852423005052e+01,4.324271166537382527e+00
1.258763865702506912e+01,4.350758572451618456e+00
1.259347433450887266e+01,4.226142671779288484e+00
1.259930555668146468e+01,4.188499061750364127e+00
1.260513232354284341e+01,4.176926832192883410e+00
1.261095463509301062e+01,4.216893718057247220e+00
1.261677249133196455e+01,4.293949967952742419e+00
1.262258589225970873e+01,4.280598686435451050e+00
1.262839483787623784e+01,4.349614856417391096e+00
1.263419932818155367e+01,4.211651350128690297e+00
1.263999936317566153e+01,4.055090076449511471e+00
1.264579494285855255e+01,3.950873489128328586e+00
1.265158606723023205e+01,3.915158774722303558e+00
1.265737273629070181e+01,3.874430284613690212e+00
1.266315495003995650e+01,3.881853416712296667e+00
1.266893270847799968e+01,3.902700468267429113e+00
1.267470601160482957e+01,3.841697553586064906e+00
1.268047485942044794e+01,3.947400387568233082e+00
1.268623925192485302e+01,3.943685278967767882e+00
1.269199918911804836e+01,3.865982909367466469e+00
1.269775467100002686e+01,3.671713396497108040e+00
1.270350569757079739e+01,3.809208259913125616e+00
1.270925226883035286e+01,3.797128223665792834e+00
1.271499438477869681e+01,3.896174104898408430e+00
1.272073204541582925e+01,3.862080232258814139e+00
1.272646525074174839e+01,4.018337885634044149e+00
1.273219400075645247e+01,3.995497561799410846e+00
1.273791829545994858e+01,4.017221054329497498e+00
1.274363813485222963e+01,3.956188173065779523e+00
1.274935351893329916e+01,3.934004389853402284e+00
1.275506444770315717e+01,3.859644681347376594e+00
1.276077092116180012e+01,3.956309941191268997e+00
1.276647293930923155e+01,3.910502750259701177e+00
1.277217050214545147e+01,4.012419729015060277e+00
1.277786360967045987e+01,3.911581727104363804e+00
1.278355226188425497e+01,3.918013901013301936e+00
1.278923645878683679e+01,3.918951411414150154e+00
1.279491620037820709e+01,3.742212712643622652e+00
1.280059148665836588e+01,3.701423475510631889e+00
1.280626231762730960e+01,3.797050522721266752e+00
1.281192869328504358e+01,3.916079056093137556e+00
1.281759061363156427e+01,4.017015934378765252e+00
1.282324807866687344e+01,4.069235813073529329e+00
1.282890108839096932e+01,4.017242148647051536e+00
1.283454964280385191e+01,3.992786149144054164e+00
1.284019374190552121e+01,4.009547569709076775e+00
1.284583338569598254e+01,4.015394392072860974e+00
1.285146857417522703e+01,3.963687003791331431e+00
1.285709930734326001e+01,4.109175911822670280e+00
1.286272558520008324e+01,4.138534232404570190e+00
1.286834740774569141e+01,4.208918536171803559e+00
1.287396477498008807e+01,4.219197753295661713e+00
1.287957768690327320e+01,4.158042802666954252e+00
1.288518614351524327e+01,4.071326170546008427e+00
1.289079014481600360e+01,4.065901382884497650e+00
1.289638969080554887e+01,3.951906533831468504e+00
1.290198478148388439e+01,3.962518107474547691e+00
1.290757541685100662e+01,3.976692229651483501e+00
1.291316159690691734e+01,4.033672189411917408e+00
1.291874332165161299e+01,4.017393575645381354e+00
1.292432059108509890e+01,4.012835586852200542e+00
1.292989340520737152e+01,3.961478888522657726e+00
1.293546176401843084e+01,3.938871050883164582e+00
1.294102566751827865e+01,3.986278936792105654e+00
1.294658511570691495e+01,4.000104607286923297e+00
1.295214010858433618e+01,4.017623818925741830e+00
1.295769064615054766e+01,4.015332476184642729e+00
1.296323672840554586e+01,4.033376107774125252e+00
1.296877835534933077e+01,4.126551906765952182e+00
1.297431552698190593e+01,4.127316681048488256e+00
1.297984824330326603e+01,4.106022831299519282e+00
1.298537650431341461e+01,4.067553689561862917e+00
1.299090031001234991e+01,4.012929304260219432e+00
1.299641966040007368e+01,4.024615435971623079e+00
1.300193455547658417e+01,4.114605663036281946e+00
1.300744499524188313e+01,4.092284516099470970e+00
1.301295097969596881e+01,4.139820816651133661e+00
1.301845250883884475e+01,4.065071811036743199e+00
1.302394958267050740e+01,4.096078461219017086e+00
1.302944220119095498e+01,4.056850393490981865e+00
1.303493036440019281e+01,4.035315505907469458e+00
1.304041407229821736e+01,4.000211892084727161e+00
1.304589332488502862e+01,4.070916086677183188e+00
1.305136812216062836e+01,4.150617687087273744e+00
1.305683846412501659e+01,4.200109462626012480e+00
1.306230435077818974e+01,4.122003257217730088e+00
1.306776578212015316e+01,4.111173419300113707e+00
1.307322275815090329e+01,4.122697300317225810e+00
1.307867527887044012e+01,4.097637028192263386e+00
1.308412334427876544e+01,4.054605179778481450e+00
1.308956695437587925e+01,4.179330627546740118e+00
1.309500610916177976e+01,4.156343069548701585e+00
1.310044080863646876e+01,4.281249059645990229e+00
1.310587105279994269e+01,4.201939647100785713e+00
1.311129684165220688e+01,4.234011750865826151e+00
1.311671817519325600e+01,4.184899582789849859e+00
1.312213505342309539e+01,4.121288834340179896e+00
1.312754747634172148e+01,4.123169986675723209e+00
1.313295544394913605e+01,4.302893105411460084e+00
1.313835895624533556e+01,4.344188182965012857e+00
1.314375801323032533e+01,4.474671247395342277e+00
1.314915261490410181e+01,4.370497182191654062e+00
1.315454276126666677e+01,4.408114029373855658e+00
1.315992845231801667e+01,4.410249175080521944e+00
1.316530968805815682e+01,4.375849516627123847e+00
1.317068646848708369e+01,4.378318773797007069e+00
1.317605879360479726e+01,4.497308833679563911e+00
1.318142666341129932e+01,4.536248085225725646e+00
1.318679007790658808e+01,4.612007268074638233e+00
