#IRAS-17392-3020_flux_calibrated_x IRAS-17392-3020_flux_calibrated_y
7.315533772101396437e+00,1.064844421139469866e+01
7.324534814542277061e+00,1.063102174845593417e+01
7.333531401671943506e+00,9.954251108746321464e+00
7.342523533490399323e+00,1.022711903368932340e+01
7.351511209997641849e+00,9.896946391320170733e+00
7.360494431193671083e+00,9.919989769401277968e+00
7.369473197078489690e+00,9.979705449991115529e+00
7.378447507652095005e+00,1.055692918294631610e+01
7.387417362914487917e+00,1.092572807128528645e+01
7.396382762865668425e+00,1.132584040596639774e+01
7.405343707505636530e+00,1.129274217905529021e+01
7.414300196834392231e+00,1.109778549413993254e+01
7.423252230851935529e+00,1.060732723640545672e+01
7.432199809558267312e+00,1.052713698838034517e+01
7.441142932953384914e+00,1.029197448276866389e+01
7.450081601037291001e+00,1.074449125577718256e+01
7.459015813809985573e+00,1.076491346796206550e+01
7.467945571271466854e+00,1.088071261337014306e+01
7.476870873421734842e+00,1.078920565142452226e+01
7.485791720260792204e+00,1.047584242082315420e+01
7.494708111788636273e+00,1.027398865489606727e+01
7.503620048005267940e+00,1.088360181597620091e+01
7.512527528910687202e+00,1.081214150789385009e+01
7.521430554504894062e+00,1.092894309879646819e+01
7.530329124787888517e+00,1.085876686491731924e+01
7.539223239759670570e+00,1.068749383727354818e+01
7.548112899420240218e+00,1.078642276893603835e+01
7.556998103769597463e+00,1.074715343580579408e+01
7.565878852807743193e+00,1.034658057640461060e+01
7.574755146534675632e+00,1.024987536175171599e+01
7.583626984950395666e+00,9.806334753256948034e+00
7.592494368054903298e+00,9.564092802581708241e+00
7.601357295848197637e+00,9.196058306927151094e+00
7.610215768330281350e+00,9.291781678151600943e+00
7.619069785501151770e+00,9.175574733247039205e+00
7.627919347360809788e+00,9.373113369322211952e+00
7.636764453909255401e+00,9.500570103878546391e+00
7.645605105146489500e+00,9.526548768702564729e+00
7.654441301072509418e+00,9.593523804844672043e+00
7.663273041687318710e+00,1.013689920607477113e+01
7.672100326990913821e+00,1.024651546972779848e+01
7.680923156983298306e+00,1.054511912824004227e+01
7.689741531664468610e+00,1.078912335136905654e+01
7.698555451034429176e+00,1.066061201834406091e+01
7.707364915093174673e+00,1.062861388695805864e+01
7.716169923840708655e+00,1.086269257547469458e+01
7.724970477277031122e+00,1.103495219424787877e+01
7.733766575402139409e+00,1.199110611387177272e+01
7.742558218216037069e+00,1.218599342190136170e+01
7.751345405718722326e+00,1.269691494715457658e+01
7.760128137910193402e+00,1.274767823761167485e+01
7.768906414790452963e+00,1.212266731199688152e+01
7.777680236359499233e+00,1.217102509991303272e+01
7.786449602617333987e+00,1.213106670958978128e+01
7.795214513563958114e+00,1.181146026379171232e+01
7.803974969199368061e+00,1.216275663223066594e+01
7.812730969523565605e+00,1.205789220113998184e+01
7.821482514536550745e+00,1.233829323421222846e+01
7.830229604238323482e+00,1.200646708062190271e+01
7.838972238628883815e+00,1.187050668094896544e+01
7.847710417708231745e+00,1.194438394346899379e+01
7.856444141476368159e+00,1.211954942793785150e+01
7.865173409933290394e+00,1.195902347094335916e+01
7.873898223079002001e+00,1.188855185084049992e+01
7.882618580913500317e+00,1.193336026012780771e+01
7.891334483436785341e+00,1.206981398963244878e+01
7.900045930648860626e+00,1.188321473791282301e+01
7.908752922549720843e+00,1.204770590534620744e+01
7.917455459139369545e+00,1.202440831932986676e+01
7.926153540417806731e+00,1.158517141197634537e+01
7.934847166385030626e+00,1.147972702364808129e+01
7.943536337041041229e+00,1.118048088578415111e+01
7.952221052385841205e+00,1.132266053116464732e+01
7.960901312419427001e+00,1.085678523473800006e+01
7.969577117141801281e+00,1.080394976267834117e+01
7.978248466552964935e+00,1.061328499510254808e+01
7.986915360652914408e+00,1.035583127209116050e+01
7.995577799441651479e+00,1.015198982231379254e+01
8.004235782919176145e+00,9.720329429493066442e+00
8.012889311085487520e+00,9.470817877640026694e+00
8.021538383940589156e+00,9.200369910711181376e+00
8.030183001484475724e+00,8.950647739502464617e+00
8.038823163717152553e+00,8.744301869149644801e+00
8.047458870638614314e+00,8.789181561763946604e+00
8.056090122248862784e+00,8.593098073509024104e+00
8.064716918547901514e+00,8.375613193396938883e+00
8.073339259535726953e+00,8.187572102007493413e+00
8.081957145212340876e+00,8.109582698493499109e+00
8.090570575577741508e+00,7.893216088888244109e+00
8.099179550631930624e+00,7.758147712286903364e+00
8.107784070374906449e+00,7.468809457798039730e+00
8.116384134806668982e+00,7.326406978842438633e+00
8.124979743927221776e+00,7.025966885242800331e+00
8.133570897736559502e+00,6.911967459373368428e+00
8.142157596234685712e+00,6.715824032409168254e+00
8.150739839421600408e+00,6.631612440121910979e+00
8.159317627297301811e+00,6.506744466034802166e+00
8.167890959861791700e+00,6.300103300360938796e+00
8.176459837115066520e+00,6.114969944583825701e+00
8.185024259057131601e+00,5.987585551425250507e+00
8.193584225687983391e+00,5.923279752759826877e+00
8.202139737007623665e+00,5.723713970259581174e+00
8.210690793016050648e+00,5.609354830848334750e+00
8.219237393713266115e+00,5.508860549064486634e+00
8.227779539099268291e+00,5.284582467362821667e+00
8.236317229174057175e+00,5.237775988670112959e+00
8.244850463937634544e+00,5.096087567501123239e+00
8.253379243390000397e+00,4.961749075601888492e+00
8.261903567531152959e+00,4.906273391488953806e+00
8.270423436361094005e+00,4.877170467738763726e+00
8.278938849879819983e+00,4.722509611240133687e+00
8.287449808087336223e+00,4.597163950951401290e+00
8.295956310983639170e+00,4.515150982862576434e+00
8.304458358568730603e+00,4.424063361665643512e+00
8.312955950842608743e+00,4.335523423517678943e+00
8.321449087805273592e+00,4.203313419754281632e+00
8.329937769456726926e+00,4.117265659314640835e+00
8.338421995796970521e+00,4.090660471039752721e+00
8.346901766825997271e+00,4.067121153674182921e+00
8.355377082543814282e+00,3.926750854622832243e+00
8.363847942950418002e+00,3.906109426452759603e+00
8.372314348045810206e+00,3.928569184383451596e+00
8.380776297829989119e+00,3.843941171401350054e+00
8.389233792302954740e+00,3.689954919332263383e+00
8.397686831464708845e+00,3.660270725833535632e+00
8.406135415315251436e+00,3.558905835867233858e+00
8.414579543854580734e+00,3.511099785262703055e+00
8.423019217082698518e+00,3.483259468376139534e+00
8.431454434999603009e+00,3.504783615455382861e+00
8.439885197605294209e+00,3.360187021788847872e+00
8.448311504899775670e+00,3.373760692670594530e+00
8.456733356883043840e+00,3.271141931199903041e+00
8.465150753555096941e+00,3.259701852494394370e+00
8.473563694915940303e+00,2.987214432100141259e+00
8.481972180965570374e+00,3.081132336185919751e+00
8.490376211703987153e+00,2.994851875741650016e+00
8.498775787131194193e+00,2.894415248092385706e+00
8.507170907247186165e+00,2.826670259474199032e+00
8.515561572051968398e+00,2.788290699714390808e+00
8.523947781545535562e+00,2.681000806735271524e+00
8.532329535727892988e+00,2.637466953644388212e+00
8.540706834599035346e+00,2.515460441542227255e+00
8.549079678158966189e+00,2.502637326374876015e+00
8.557448066407685516e+00,2.456299750292605832e+00
8.565811999345191552e+00,2.367684844068547179e+00
8.574171476971486072e+00,2.298522721248035250e+00
8.582526499286567301e+00,2.270220200155759205e+00
8.590877066290435238e+00,2.176872780043438205e+00
8.599223177983091659e+00,2.152429063471584580e+00
8.607564834364536566e+00,2.111012560703198204e+00
8.615902035434768180e+00,2.071719456365510581e+00
8.624234781193786503e+00,1.981385512815049044e+00
8.632563071641593311e+00,1.970254210040601972e+00
8.640886906778190379e+00,1.921376096121082178e+00
8.649206286603570604e+00,1.869004862671610034e+00
8.657521211117741089e+00,1.837464130468131618e+00
8.665831680320700059e+00,1.790524620902224751e+00
8.674137694212443961e+00,1.699604429952768392e+00
8.682439252792976347e+00,1.669194752718389907e+00
8.690736356062297219e+00,1.619287151847469630e+00
8.699029004020404798e+00,1.592319467117383258e+00
8.707317196667299086e+00,1.496252194197567276e+00
8.715600934002981859e+00,1.518064226252903604e+00
8.723880216027453116e+00,1.420876705739629875e+00
8.732155042740711082e+00,1.392768496072858131e+00
8.740425414142757532e+00,1.252872382103909610e+00
8.748691330233590691e+00,1.294290945514962043e+00
8.756952791013212334e+00,1.276892358653535897e+00
8.765209796481618909e+00,1.241715495640686617e+00
8.773462346638815745e+00,1.142150022929958597e+00
8.781710441484801066e+00,1.150732528591457360e+00
8.789954081019571319e+00,1.079941210395827911e+00
8.798193265243130057e+00,1.054964482115125834e+00
8.806427994155477279e+00,9.891964613378181337e-01
8.814658267756611210e+00,9.535142108593520627e-01
8.822884086046531849e+00,9.165200602361994742e-01
8.831105449025242748e+00,8.954744176175859494e-01
8.839322356692738580e+00,8.440097742541751158e-01
8.847534809049024673e+00,8.218662966512928492e-01
8.855742806094095698e+00,7.520291234653960766e-01
8.863946347827956984e+00,7.615266048618669625e-01
8.872145434250603202e+00,7.248274461836911042e-01
8.880340065362037905e+00,6.920703366859209948e-01
8.888530241162261092e+00,6.517545278417306021e-01
8.896715961651270987e+00,6.436775458232276703e-01
8.904897226829069368e+00,6.008537408084747566e-01
8.913074036695654456e+00,5.709173256318247347e-01
8.921246391251026253e+00,5.472514037057794045e-01
8.929414290495186535e+00,5.337586027722530657e-01
8.937577734428135301e+00,4.977948561071321998e-01
8.945736723049872552e+00,4.820398465213698858e-01
8.953891256360394735e+00,4.626975542133169861e-01
8.962041334359705402e+00,4.445185032698723560e-01
8.970186957047802778e+00,3.948052767306151067e-01
8.978328124424690415e+00,3.839197487628638328e-01
8.986464836490364760e+00,3.617294758170156443e-01
8.994597093244824038e+00,3.448803908288095021e-01
9.002724894688075352e+00,3.270349942399041199e-01
9.010848240820109822e+00,3.411490034857181386e-01
9.018967131640934554e+00,3.423495597800049750e-01
9.027081567150545993e+00,2.893460629447832666e-01
9.035191547348945917e+00,2.576922754256718573e-01
9.043297072236132550e+00,2.633311132039723446e-01
9.051398141812105891e+00,2.543518471826399230e-01
9.059494756076869493e+00,2.663984069559696133e-01
9.067586915030419803e+00,2.421137603745674438e-01
9.075674618672756822e+00,2.280586796751305767e-01
9.083757867003882325e+00,2.192678832863945160e-01
9.091836660023792760e+00,1.962667277595652737e-01
9.099910997732493456e+00,2.125098862896225016e-01
9.107980880129980861e+00,2.187107621609755970e-01
9.116046307216256750e+00,2.007596644486887572e-01
9.124107278991319347e+00,2.002643593187531101e-01
9.132163795455170430e+00,1.936635823834639003e-01
9.140215856607808220e+00,1.744076698202007836e-01
9.148263462449234495e+00,1.609740469863157331e-01
9.156306612979447479e+00,1.559279294634462465e-01
9.164345308198448947e+00,1.669320585561591130e-01
9.172379548106235347e+00,1.672252823001371957e-01
9.180409332702812009e+00,1.584634018265000943e-01
9.188434661988175378e+00,1.532344657491621631e-01
9.196455535962327232e+00,1.319776777675303880e-01
9.204471954625265795e+00,1.254605590907376944e-01
9.212483917976992842e+00,1.377593224352788581e-01
9.220491426017506598e+00,1.329425532611479277e-01
9.228494478746808838e+00,1.178532431120010299e-01
9.236493076164897786e+00,1.177315421088384328e-01
9.244487218271775220e+00,1.020787138470826000e-01
9.252476905067439361e+00,1.079225136482277608e-01
9.260462136551890211e+00,1.185302712427734190e-01
9.268442912725129545e+00,1.280085358336804646e-01
9.276419233587159141e+00,1.470060376343146902e-01
9.284391099137971892e+00,1.221009938816406543e-01
9.292358509377574904e+00,1.222534338247012187e-01
9.300321464305966401e+00,1.280043396906051234e-01
9.308279963923142830e+00,1.315393256524888810e-01
9.316234008229107744e+00,1.202681003857285769e-01
9.324183597223861142e+00,1.058466475870431661e-01
9.332128730907401248e+00,1.143753795374061605e-01
9.340069409279729840e+00,1.001876024560503370e-01
9.348005632340845139e+00,9.081432200819963829e-02
9.355937400090748923e+00,9.342411489828579552e-02
9.363864712529437639e+00,9.118947483669309628e-02
9.371787569656918393e+00,1.190454283641226157e-01
9.379705971473182302e+00,1.377797457578124052e-01
9.387619917978236472e+00,1.369636827661418199e-01
9.395529409172079127e+00,1.153332147428292320e-01
9.403434445054706714e+00,1.061171312959741514e-01
9.411335025626122786e+00,1.169022734161885152e-01
9.419231150886327342e+00,1.543921380861000281e-01
9.427122820835318606e+00,1.823750301488397396e-01
9.435010035473098355e+00,1.078531304553377312e-01
9.442892794799664813e+00,1.360801848203550546e-01
9.450771098815019755e+00,1.356285838107974262e-01
9.458644947519161406e+00,1.303244013028116710e-01
9.466514340912091541e+00,1.060828669482090231e-01
9.474379278993808384e+00,1.388619154413059664e-01
9.482239761764311936e+00,1.475351341215915546e-01
9.490095789223603973e+00,1.786424873567945826e-01
9.497947361371684494e+00,1.913606055499778302e-01
9.505794478208551723e+00,1.600946034231991166e-01
9.513637139734207437e+00,1.819773101383361791e-01
9.521475345948649860e+00,2.016656549532978016e-01
9.529309096851882543e+00,1.592325638327077575e-01
9.537138392443900159e+00,9.792940790035567500e-02
9.544963232724704483e+00,5.837311830286748271e-02
9.552783617694297291e+00,1.373699852608112615e-01
9.560599547352678584e+00,1.066412651520702581e-01
9.568411021699846586e+00,7.826080014998265666e-02
9.576218040735803072e+00,8.755855857496591677e-02
9.584020604460546267e+00,9.361332949795830860e-02
9.591818712874076169e+00,1.022754206261420884e-01
9.599612365976394557e+00,1.116785033165533930e-01
9.607401563767503205e+00,6.358281191212020178e-02
9.615186306247396786e+00,1.181630005688375368e-01
9.622966593416078851e+00,1.390788563267401079e-01
9.630742425273547624e+00,1.198711396583082706e-01
9.638513801819803106e+00,1.138447620737378235e-01
9.646280723054848849e+00,1.050402386328149057e-01
9.654043188978679524e+00,1.051174051158522971e-01
9.661801199591298683e+00,4.012989042123362576e-02
9.669554754892706327e+00,7.418979555421575944e-02
9.677303854882900680e+00,1.393075412769109733e-01
9.685048499561883517e+00,1.363963112164002234e-01
9.692788688929653063e+00,1.074528674261722300e-01
9.700524422986211093e+00,1.044688274010015516e-01
9.708255701731555831e+00,9.330047351137439604e-02
9.715982525165687278e+00,1.001284659010864692e-01
9.723704893288608986e+00,8.233907393235778693e-02
9.731422806100317402e+00,7.964762696082043625e-02
9.739136263600812526e+00,1.553867743798532652e-01
9.746845265790094359e+00,1.062501436761780771e-01
9.754549812668166453e+00,1.336022760562740885e-01
9.762249904235023479e+00,1.258078152081905099e-01
9.769945540490670766e+00,9.032185618566365704e-02
9.777636721435104761e+00,1.279053586532991615e-01
9.785323447068325464e+00,1.125915524991179667e-01
9.793005717390334652e+00,1.268856864671001894e-01
9.800683532401130549e+00,7.978129169104895835e-02
9.808356892100713154e+00,7.928525918713968945e-02
9.816025796489086019e+00,6.500060351121883517e-02
9.823690245566243817e+00,8.447009106027845993e-02
9.831350239332190100e+00,1.168489408395640000e-01
9.839005777786924867e+00,1.193549840782869853e-01
9.846656860930446342e+00,1.195196444874395553e-01
9.854303488762756302e+00,1.146330892454601319e-01
9.861945661283854747e+00,9.994295564927270503e-02
9.869583378493738124e+00,9.791484908626814365e-02
9.877216640392409985e+00,1.031238621562177160e-01
9.884845446979870331e+00,8.486439781640355007e-02
9.892469798256117386e+00,8.265712548091434797e-02
9.900089694221152925e+00,9.604933309242141837e-02
9.907705134874975172e+00,1.068345759197055489e-01
9.915316120217585905e+00,9.107900579245582773e-02
9.922922650248983345e+00,1.025067309700287421e-01
9.930524724969169270e+00,1.284917961058196778e-01
9.938122344378141904e+00,1.043097613661775613e-01
9.945715508475903022e+00,1.031598258962893311e-01
9.953304217262450848e+00,1.061075409615388349e-01
9.960888470737787159e+00,1.129035754551747511e-01
9.968468268901910179e+00,1.025508046174195137e-01
9.976043611754821683e+00,9.739886552853650736e-02
9.983614499296519895e+00,9.491761497695627714e-02
9.991180931527006592e+00,8.964415859057604796e-02
9.998742908446279998e+00,1.036378760397142912e-01
1.000630043005434011e+01,1.001247325049112180e-01
1.001385349635119049e+01,1.271775605135612441e-01
1.002140210733682757e+01,1.317327971036382217e-01
1.002894626301125136e+01,1.313014795514887423e-01
1.003648596337446186e+01,1.215201256624290072e-01
1.004402120842646262e+01,1.369319759174763840e-01
1.005155199816724831e+01,1.352977321633731522e-01
1.005907833259682427e+01,1.498223132314137063e-01
1.006660021171518693e+01,1.408506776811432049e-01
1.007411763552233630e+01,1.396915843727650763e-01
1.008163060401827416e+01,1.516434847841544309e-01
1.008913911720299872e+01,1.411354812944658754e-01
1.009664317507651177e+01,1.496827926899043093e-01
1.010414277763881152e+01,1.584784292038954601e-01
1.011163792488989976e+01,1.491223523106016968e-01
1.011912861682977471e+01,1.453316640555832318e-01
1.012661485345843637e+01,1.383319720010496578e-01
1.013409663477588651e+01,1.597778907389258429e-01
1.014157396078212514e+01,1.774638658277773728e-01
1.014904683147715048e+01,1.673339364593807999e-01
1.015651524686096607e+01,1.533749023081932006e-01
1.016397920693356660e+01,1.444745098048959286e-01
1.017143871169495384e+01,1.600353185046136384e-01
1.017889376114512956e+01,1.516000338518817270e-01
1.018634435528409554e+01,1.458208224387790575e-01
1.019379049411184468e+01,1.457223171499950343e-01
1.020123217762838408e+01,1.667273393682817129e-01
1.020866940583371196e+01,1.755243341251594980e-01
1.021610217872782478e+01,1.682888300861797304e-01
1.022353049631072786e+01,1.566223979758404605e-01
1.023095435858241586e+01,1.754659154394989928e-01
1.023837376554289413e+01,1.893435777384634422e-01
1.024578871719215734e+01,1.848203729398281148e-01
1.025319921353021080e+01,1.538118366250531832e-01
1.026060525455704919e+01,1.693879681623636224e-01
1.026800684027267785e+01,1.790641869246371587e-01
1.027540397067709321e+01,1.983051277683998137e-01
1.028279664577029351e+01,2.213268903312408109e-01
1.029018486555228407e+01,2.212928497934030514e-01
1.029756863002306311e+01,2.155902346385479007e-01
1.030494793918262708e+01,1.934472851675159422e-01
1.031232279303097954e+01,2.096467295161968947e-01
1.031969319156812048e+01,1.926153381828813460e-01
1.032705913479404991e+01,1.938125534841800002e-01
1.033442062270876427e+01,2.025191663292631727e-01
1.034177765531226711e+01,2.253193036956581130e-01
1.034913023260455844e+01,2.009660338193121343e-01
1.035647835458563648e+01,2.114554996901211736e-01
1.036382202125550300e+01,2.326272417227353562e-01
1.037116123261415801e+01,2.320563468790511341e-01
1.037849598866159795e+01,2.116883866720984109e-01
1.038582628939782815e+01,2.128872957179406000e-01
1.039315213482284328e+01,2.138103898167836303e-01
1.040047352493664690e+01,2.370691492050640004e-01
1.040779045973923900e+01,2.150302308392657569e-01
1.041510293923061781e+01,2.031996934873252503e-01
1.042241096341078688e+01,2.214881262238963811e-01
1.042971453227974088e+01,2.385352143713355133e-01
1.043701364583748337e+01,2.325010153803930280e-01
1.044430830408401256e+01,2.450065212234291134e-01
1.045159850701932847e+01,2.600150183714457497e-01
1.045888425464343463e+01,2.476046176936334553e-01
1.046616554695632750e+01,2.295465818818760440e-01
1.047344238395800708e+01,2.375142750755099563e-01
1.048071476564847515e+01,2.054752134940829311e-01
1.048798269202772993e+01,2.460845911513396267e-01
1.049524616309577141e+01,2.618570953459090078e-01
1.050250517885260315e+01,2.594819907425148786e-01
1.050975973929821983e+01,2.651314593945376386e-01
1.051700984443262676e+01,2.730682553438585347e-01
1.052425549425581863e+01,2.549780759538450847e-01
1.053149668876780076e+01,2.555749812915950603e-01
1.053873342796856782e+01,2.685976741554088054e-01
1.054596571185812515e+01,2.776052875911231288e-01
1.055319354043646918e+01,2.834298391399385775e-01
1.056041691370359992e+01,2.851756843193432034e-01
1.056763583165951914e+01,2.591594929423766125e-01
1.057485029430422507e+01,2.750825373513978156e-01
1.058206030163771949e+01,2.916072355853981390e-01
1.058926585366000062e+01,2.773972425090637794e-01
1.059646695037107023e+01,3.032764983115459612e-01
1.060366359177092654e+01,3.085561388284792095e-01
1.061085577785957135e+01,3.092447938131628882e-01
1.061804350863700286e+01,2.962356215442594198e-01
1.062522678410322285e+01,2.846563510667863839e-01
1.063240560425822956e+01,2.884097079939905717e-01
1.063957996910202475e+01,2.960202403141738992e-01
1.064674987863460842e+01,2.967683935421584485e-01
1.065391533285597703e+01,3.217628310856348040e-01
1.066107633176613589e+01,3.138259392082323185e-01
1.066823287536507969e+01,3.159304475223757569e-01
1.067538496365281375e+01,3.258047091472652812e-01
1.068253259662933274e+01,3.224770612170939632e-01
1.068967577429464200e+01,3.292767625612967874e-01
1.069681449664873618e+01,3.507047713642648668e-01
1.070394876369161885e+01,3.609319291352048320e-01
1.071107857542329000e+01,3.286989812517580600e-01
1.071820393184374964e+01,3.734871034007780088e-01
1.072532483295299599e+01,3.705736457207096657e-01
1.073244127875102905e+01,3.733654311041686436e-01
1.073955326923784881e+01,3.641428172581495648e-01
1.074666080441345883e+01,3.772336314482604425e-01
1.075376388427785557e+01,3.918266432402642829e-01
1.076086250883103901e+01,3.866627564647324156e-01
1.076795667807301093e+01,3.882569556224239049e-01
1.077504639200376957e+01,3.919378509937244681e-01
1.078213165062331669e+01,3.917281580520687312e-01
1.078921245393165051e+01,3.974919340695957648e-01
1.079628880192877283e+01,3.954975842835262712e-01
1.080336069461468185e+01,4.200525033558973886e-01
1.081042813198937935e+01,4.356995244586391869e-01
1.081749111405286357e+01,4.294112415769603119e-01
1.082454964080513626e+01,4.385480011396236111e-01
1.083160371224619745e+01,4.331138888287036637e-01
1.083865332837604356e+01,4.163391242436930706e-01
1.084569848919467994e+01,4.402843091998622227e-01
1.085273919470210302e+01,4.361239104276218304e-01
1.085977544489831104e+01,4.408942493117286032e-01
1.086680723978330931e+01,4.445979046914274035e-01
1.087383457935709608e+01,4.521562141778118771e-01
1.088085746361966955e+01,4.390780188617871005e-01
1.088787589257102795e+01,4.765397019686699043e-01
1.089488986621117661e+01,4.917312918093354468e-01
1.090189938454011376e+01,5.240665015816783345e-01
1.090890444755783761e+01,4.816075111131377651e-01
1.091590505526434818e+01,4.851421957339138169e-01
1.092290120765964723e+01,4.801532702116243501e-01
1.092989290474373298e+01,5.024791210284710319e-01
1.093688014651660723e+01,4.784448853666056767e-01
1.094386293297826818e+01,5.444836718877466009e-01
1.095084126412871761e+01,5.658429803599331898e-01
1.095781513996795375e+01,5.453066484105972833e-01
1.096478456049597838e+01,5.338517527846516897e-01
1.097174952571278972e+01,5.663331059729935779e-01
1.097871003561839132e+01,5.269998546262603112e-01
1.098566609021277785e+01,5.394894214917034247e-01
1.099261768949595286e+01,5.284156289985941779e-01
1.099956483346791458e+01,5.581993606605708536e-01
1.100650752212866301e+01,5.349124842825087045e-01
1.101344575547820170e+01,5.642853640667433446e-01
1.102037953351652710e+01,5.659157953199980273e-01
1.102730885624363921e+01,5.922247866874473798e-01
1.103423372365953981e+01,5.891651414428265010e-01
1.104115413576422711e+01,6.050706612731581169e-01
1.104807009255770289e+01,6.025466421780434345e-01
1.105498159403996539e+01,6.003120141256629294e-01
1.106188864021101814e+01,6.030947150043386440e-01
1.106879123107085405e+01,5.804330060910292133e-01
1.107568936661948200e+01,5.960391011765336922e-01
1.108258304685689488e+01,6.023586291030169626e-01
1.108947227178309625e+01,6.189762482424961965e-01
1.109635704139808432e+01,6.445543143220454629e-01
1.110323735570186088e+01,6.325620295694625028e-01
1.111011321469442414e+01,6.270927367546087483e-01
1.111698461837577590e+01,6.382285140680606927e-01
1.112385156674591435e+01,6.515931204862621673e-01
1.113071405980484130e+01,6.297556241914035180e-01
1.113757209755255495e+01,6.501207379542787157e-01
1.114442567998905709e+01,6.484482616895101970e-01
1.115127480711434593e+01,6.946802293568924425e-01
1.115811947892842326e+01,6.635816490840502624e-01
1.116495969543128908e+01,7.127052110890318426e-01
1.117179545662294160e+01,7.165189757551911898e-01
1.117862676250338083e+01,7.302769334662011502e-01
1.118545361307260855e+01,7.225444246181117469e-01
1.119227600833062297e+01,7.099100280681968078e-01
1.119909394827742588e+01,7.063715002374396645e-01
1.120590743291301727e+01,7.204487725193654546e-01
1.121271646223739360e+01,7.339769500651697198e-01
1.121952103625056019e+01,7.662406263298680020e-01
1.122632115495251171e+01,7.458141241421869516e-01
1.123311681834325348e+01,7.471893087346122009e-01
1.123990802642278020e+01,7.556227738305935082e-01
1.124669477919109539e+01,7.840830284576513209e-01
1.125347707664819907e+01,8.208027457875305410e-01
1.126025491879409124e+01,8.113930148586131486e-01
1.126702830562877011e+01,8.235850969396389942e-01
1.127379723715223570e+01,8.501273020707703632e-01
1.128056171336448799e+01,8.448942947905241363e-01
1.128732173426553054e+01,8.765314299299334921e-01
1.129407729985535980e+01,8.522236269678402643e-01
1.130082841013397754e+01,8.778386145682652852e-01
1.130757506510138022e+01,8.751307434732453761e-01
1.131431726475757138e+01,9.235391494364733056e-01
1.132105500910255103e+01,9.215009746131075374e-01
1.132778829813631738e+01,9.597590239804573153e-01
1.133451713185887400e+01,9.673889131264585828e-01
1.134124151027021377e+01,9.930886162929508654e-01
1.134796143337034557e+01,9.480226613678365277e-01
1.135467690115926409e+01,9.992762885854963306e-01
1.136138791363696754e+01,1.026666999660881485e+00
1.136809447080345947e+01,1.087732059239619797e+00
1.137479657265873989e+01,1.032354651316312655e+00
1.138149421920280702e+01,1.113416252404610729e+00
1.138818741043566263e+01,1.135028080362275871e+00
1.139487614635730672e+01,1.146016036323911358e+00
1.140156042696773575e+01,1.125096928740135782e+00
1.140824025226695504e+01,1.214178420872520148e+00
1.141491562225496104e+01,1.212078406657297602e+00
1.142158653693175374e+01,1.217046335202909058e+00
1.142825299629733493e+01,1.191890841787638378e+00
1.143491500035170461e+01,1.234514425594436915e+00
1.144157254909486099e+01,1.275894771614068501e+00
1.144822564252680408e+01,1.298729501000487119e+00
1.145487428064753388e+01,1.312521086394542902e+00
1.146151846345705394e+01,1.373329552159202160e+00
1.146815819095536071e+01,1.364817299238562542e+00
1.147479346314245419e+01,1.471180313643459803e+00
1.148142428001833615e+01,1.442645709667683462e+00
1.148805064158300482e+01,1.490857694261835675e+00
1.149467254783646197e+01,1.519832977422333808e+00
1.150128999877870584e+01,1.513548266874303216e+00
1.150790299440973818e+01,1.472985301414847736e+00
1.151451153472955724e+01,1.548149877759627424e+00
1.152111561973816656e+01,1.595660310626384915e+00
1.152771524943556081e+01,1.650207385635926061e+00
1.153431042382174176e+01,1.647451340397513286e+00
1.154090114289671298e+01,1.622806210027927465e+00
1.154748740666047091e+01,1.644599476301831453e+00
1.155406921511301555e+01,1.744327659193063429e+00
1.156064656825434867e+01,1.696178210063833180e+00
1.156721946608446849e+01,1.742927092934881017e+00
1.157378790860337858e+01,1.740418588883995143e+00
1.158035189581107360e+01,1.794546549367942001e+00
1.158691142770755711e+01,1.748756770391147963e+00
1.159346650429282732e+01,1.892153110983738618e+00
1.160001712556688602e+01,1.918334879350020117e+00
1.160656329152973143e+01,1.893067787167410865e+00
1.161310500218136532e+01,1.870540338141755132e+00
1.161964225752178592e+01,1.970576772904615304e+00
1.162617505755099501e+01,1.899722988038167859e+00
1.163270340226899258e+01,1.908982794910328185e+00
1.163922729167577508e+01,1.919866992389902327e+00
1.164574672577134784e+01,1.996678559797162134e+00
1.165226170455570731e+01,1.987601524377356821e+00
1.165877222802885349e+01,2.067261878206646308e+00
1.166527829619078815e+01,2.025648695997970261e+00
1.167177990904150953e+01,2.117983788903351261e+00
1.167827706658101938e+01,2.148643836985292932e+00
1.168476976880931772e+01,2.184397659554373927e+00
1.169125801572640100e+01,2.176534755497656626e+00
1.169774180733227453e+01,2.160651712841156868e+00
1.170422114362693478e+01,2.149069862077705562e+00
1.171069602461038173e+01,2.284331194080529315e+00
1.171716645028261716e+01,2.218049252010025896e+00
1.172363242064363931e+01,2.287309527072651782e+00
1.173009393569344994e+01,2.290136779290811386e+00
1.173655099543204905e+01,2.376190482161720130e+00
1.174300359985943309e+01,2.364942080116064549e+00
1.174945174897560740e+01,2.365014740301544460e+00
1.175589544278056842e+01,2.411049021268175441e+00
1.176233468127431614e+01,2.550721474625976537e+00
1.176876946445685235e+01,2.524186366640869483e+00
1.177519979232817526e+01,2.589407538689763033e+00
1.178162566488828844e+01,2.598339853390753351e+00
1.178804708213718655e+01,2.704271588884555655e+00
1.179446404407487137e+01,2.610779882050999756e+00
1.180087655070134645e+01,2.898854499797407502e+00
1.180728460201660823e+01,2.933687422309105841e+00
1.181368819802065673e+01,2.842613425329160393e+00
1.182008733871349371e+01,2.808117186098403106e+00
1.182648202409511740e+01,3.001340026383627180e+00
1.183287225416553134e+01,2.990346015863113660e+00
1.183925802892473023e+01,3.072708361811665512e+00
1.184563934837271759e+01,3.115777628935568089e+00
1.185201621250949167e+01,3.236654689776083504e+00
1.185838862133505422e+01,3.050276788509464598e+00
1.186475657484940349e+01,3.103361414041214239e+00
1.187112007305254124e+01,3.095677151411840189e+00
1.187747911594446748e+01,3.152689250339939964e+00
1.188383370352517865e+01,3.190427726579868395e+00
1.189018383579468008e+01,3.311536385539232796e+00
1.189652951275296822e+01,3.308774346107248743e+00
1.190287073440004484e+01,3.278301591613308474e+00
1.190920750073590639e+01,3.295411733957643641e+00
1.191553981176055643e+01,3.388525582585840024e+00
1.192186766747399496e+01,3.515768241441159514e+00
1.192819106787622196e+01,3.535875705425584492e+00
1.193451001296723568e+01,3.511903266633125575e+00
1.194082450274703611e+01,3.601230992399784281e+00
1.194713453721562502e+01,3.583739125509695089e+00
1.195344011637300241e+01,3.687169558962760885e+00
1.195974124021916651e+01,3.759454575892754669e+00
1.196603790875411732e+01,3.961821070959137714e+00
1.197233012197785662e+01,3.860250952272213709e+00
1.197861787989038262e+01,4.065145993892011589e+00
1.198490118249169711e+01,4.017141141740419030e+00
1.199118002978179831e+01,4.181974361287699615e+00
1.199745442176068799e+01,3.974871723211265806e+00
1.200372435842836616e+01,4.347289125165390899e+00
1.200998983978483103e+01,4.449393545409193074e+00
1.201625086583008262e+01,4.475565004861499219e+00
1.202250743656412268e+01,4.356696535190732078e+00
1.202875955198694946e+01,4.527552139172605905e+00
1.203500721209856650e+01,4.353495571900321437e+00
1.204125041689896847e+01,4.503486301501919975e+00
1.204748916638815892e+01,4.550308716379357854e+00
1.205372346056613608e+01,4.639460316967954689e+00
1.205995329943290173e+01,4.616504330719563676e+00
1.206617868298845586e+01,4.741901858060735719e+00
1.207239961123279492e+01,4.751983318354157326e+00
1.207861608416592425e+01,4.724415918367597556e+00
1.208482810178783851e+01,4.746839200227269906e+00
1.209103566409854302e+01,4.996543986411699834e+00
1.209723877109803425e+01,4.997129691970481957e+00
1.210343742278631218e+01,4.883752996703861093e+00
1.210963161916338038e+01,4.976904056332336346e+00
1.211582136022923351e+01,5.076369729044554191e+00
1.212200664598387512e+01,4.997677472243401198e+00
1.212818747642730344e+01,5.184474472532974332e+00
1.213436385155952024e+01,5.272452626959871935e+00
1.214053577138052376e+01,5.369807674505605810e+00
1.214670323589031575e+01,5.302392569811347656e+00
1.215286624508889624e+01,5.477719614993920239e+00
1.215902479897626343e+01,5.239732346617963721e+00
1.216517889755241733e+01,5.259094591031766797e+00
1.217132854081735971e+01,5.354701981044188486e+00
1.217747372877108880e+01,5.651049169742689671e+00
1.218361446141360638e+01,5.557029476682854074e+00
1.218975073874491244e+01,5.769709533853395911e+00
1.219588256076500521e+01,5.487822245198633375e+00
1.220200992747388469e+01,5.822438018647589253e+00
1.220813283887155265e+01,5.951268590922075497e+00
1.221425129495800732e+01,5.825868842293042249e+00
1.222036529573325048e+01,5.860026506237120181e+00
1.222647484119728212e+01,6.064639117311487304e+00
1.223257993135010047e+01,5.887861400494959874e+00
1.223868056619170730e+01,5.911234016567361138e+00
1.224477674572209907e+01,5.830347499992449833e+00
1.225086846994128109e+01,5.933666291324395381e+00
1.225695573884924805e+01,5.922998831809834108e+00
1.226303855244600527e+01,6.054835451731640283e+00
1.226911691073154920e+01,6.209342010509813825e+00
1.227519081370587983e+01,6.283709374749228083e+00
1.228126026136900073e+01,6.290024085616026106e+00
1.228732525372090656e+01,6.425367792519039334e+00
1.229338579076159910e+01,6.199016089430553045e+00
1.229944187249108190e+01,6.235346320940768017e+00
1.230549349890935140e+01,6.208037220968782854e+00
1.231154067001640939e+01,6.350650958094606224e+00
1.231758338581225232e+01,6.241779636681204835e+00
1.232362164629688550e+01,6.360310856116661249e+00
1.232965545147030539e+01,6.390641574541279013e+00
1.233568480133251200e+01,6.334582919604781814e+00
1.234170969588350708e+01,6.374097281721132546e+00
1.234773013512329065e+01,6.595322972518080640e+00
1.235374611905186093e+01,6.601124759767687422e+00
1.235975764766921792e+01,6.689985825445948997e+00
1.236576472097536339e+01,6.430652138741587365e+00
1.237176733897029557e+01,6.610636963387032772e+00
1.237776550165401801e+01,6.649599462651544890e+00
1.238375920902652361e+01,6.795796399262123089e+00
1.238974846108781946e+01,6.346297307770356610e+00
1.239573325783790381e+01,6.895613720993393869e+00
1.240171359927677486e+01,7.182644918508342968e+00
1.240768948540443439e+01,6.813729793930605183e+00
1.241366091622088064e+01,6.466105235805551743e+00
1.241962789172611359e+01,6.962433583643875323e+00
1.242559041192013503e+01,6.840698587102342465e+00
1.243154847680294495e+01,6.966134558130915089e+00
1.243750208637454158e+01,7.091204270966581902e+00
1.244345124063492491e+01,7.088885037398230615e+00
1.244939593958409674e+01,6.979999107705030958e+00
1.245533618322205527e+01,7.077779372879497544e+00
1.246127197154880228e+01,7.055467574062999070e+00
1.246720330456433601e+01,7.117478393236692291e+00
1.247313018226865822e+01,6.913439595884327993e+00
1.247905260466176891e+01,7.270986621578297893e+00
1.248497057174366631e+01,7.241593389189665331e+00
1.249088408351435042e+01,7.242124006817090454e+00
1.249679313997382302e+01,7.390599006058481635e+00
1.250269774112208410e+01,7.475886059482124146e+00
1.250859788695913188e+01,7.600515750761645428e+00
1.251449357748496638e+01,7.554275650134407272e+00
1.252038481269958936e+01,7.713490005548031547e+00
1.252627159260299905e+01,7.777735311306004817e+00
1.253215391719519900e+01,7.923728216125993207e+00
1.253803178647618388e+01,7.837073602073938439e+00
1.254390520044595725e+01,7.965343181263065730e+00
1.254977415910451732e+01,7.858583040458034574e+00
1.255563866245186766e+01,7.999658740732516371e+00
1.256149871048800293e+01,8.316608108997360915e+00
1.256735430321292668e+01,8.086189204773090111e+00
1.257320544062663714e+01,8.021492142574912165e+00
1.257905212272913609e+01,8.306247436808032347e+00
1.258489434952042352e+01,8.136682242920228347e+00
1.259073212100049588e+01,8.391647087290701634e+00
1.259656543716935850e+01,8.168281114084599892e+00
1.260239429802700784e+01,8.434777715362860917e+00
1.260821870357344565e+01,8.593057266096813862e+00
1.261403865380867018e+01,8.427083393810796963e+00
1.261985414873268141e+01,8.718446545406665749e+00
1.262566518834548113e+01,8.716691520608069510e+00
1.263147177264706933e+01,8.857145579049214845e+00
1.263727390163744424e+01,8.682075332205529961e+00
1.264307157531660586e+01,8.472206032767049422e+00
1.264886479368455596e+01,8.253380878504435358e+00
1.265465355674129455e+01,8.096689552508250287e+00
1.266043786448681985e+01,8.393135937425688198e+00
1.266621771692113185e+01,8.332011927681708841e+00
1.267199311404423234e+01,8.315054620803785213e+00
1.267776405585611954e+01,8.279485822854597998e+00
1.268353054235679522e+01,8.034183519144452390e+00
1.268929257354625939e+01,8.118699348592112841e+00
1.269505014942450849e+01,8.027639476599402357e+00
1.270080326999154963e+01,7.843943677357447797e+00
1.270655193524737392e+01,7.820566758658218376e+00
1.271229614519198847e+01,8.016030150971229062e+00
1.271803589982538796e+01,8.026456019973398526e+00
1.272377119914757948e+01,8.298666768556206108e+00
1.272950204315855416e+01,8.428589234290907228e+00
1.273522843185831732e+01,8.254899752704416116e+00
1.274095036524687075e+01,8.274248312473476474e+00
1.274666784332420910e+01,8.177338373756533940e+00
1.275238086609033594e+01,8.284116628143681993e+00
1.275808943354525127e+01,8.315647958768865422e+00
1.276379354568895153e+01,8.071673121351912172e+00
1.276949320252144204e+01,8.580984176176908562e+00
1.277518840404271927e+01,8.751615854134088934e+00
1.278087915025278498e+01,8.415747703033003901e+00
1.278656544115163740e+01,8.416454700138741529e+00
1.279224727673927653e+01,8.533903649659260182e+00
1.279792465701570414e+01,8.098062537261967009e+00
1.280359758198091846e+01,8.206674274148976878e+00
1.280926605163492127e+01,8.293023069714164919e+00
1.281493006597771256e+01,8.691563589685234348e+00
1.282058962500929056e+01,8.728893858517146498e+00
1.282624472872965526e+01,8.694600614976009112e+00
1.283189537713880846e+01,8.724287613757391924e+00
1.283754157023675013e+01,8.546135828053913031e+00
1.284318330802347852e+01,8.507202658979197807e+00
1.284882059049899539e+01,8.974177177513173120e+00
1.285445341766329896e+01,8.831448315496890800e+00
1.286008178951638925e+01,8.935278362228318727e+00
1.286570570605826802e+01,9.268259186729210342e+00
1.287132516728893350e+01,9.100074833868060153e+00
1.287694017320838746e+01,9.188572728132472278e+00
1.288255072381662991e+01,9.253792734903477424e+00
1.288815681911365907e+01,9.407539047652166531e+00
1.289375845909947671e+01,8.917556061644202003e+00
1.289935564377408106e+01,9.089796632511699670e+00
1.290494837313747212e+01,9.074406919139702765e+00
1.291053664718965166e+01,9.140530779017218777e+00
1.291612046593061791e+01,9.363507401300209310e+00
1.292169982936037265e+01,9.212354684255117832e+00
1.292727473747891587e+01,8.996770343166140549e+00
1.293284519028624580e+01,9.200977442429604025e+00
1.293841118778236421e+01,9.217222507980428858e+00
1.294397272996726755e+01,9.297747568670446938e+00
1.294952981684096116e+01,9.515477108077835311e+00
1.295508244840344148e+01,9.483970615055572040e+00
1.296063062465470850e+01,9.382349715536779655e+00
1.296617434559476578e+01,9.525914133898172764e+00
1.297171361122360800e+01,9.683399013092495622e+00
1.297724842154123870e+01,9.222515781235294696e+00
1.298277877654765611e+01,9.582490486477624358e+00
1.298830467624286378e+01,9.749114633372059302e+00
1.299382612062685638e+01,9.458339769135891473e+00
1.299934310969963747e+01,9.547990338557831080e+00
1.300485564346120526e+01,9.517432529616616677e+00
1.301036372191156332e+01,9.603630095310935033e+00
1.301586734505070808e+01,9.655119887330041450e+00
1.302136651287863778e+01,9.317102414464667248e+00
1.302686122539535774e+01,9.566117027199330991e+00
1.303235148260086440e+01,9.725682947257507038e+00
1.303783728449515777e+01,9.630378144004234642e+00
1.304331863107823963e+01,9.900090469848732866e+00
1.304879552235010998e+01,1.001801403217060482e+01
1.305426795831076703e+01,9.907110024904591583e+00
1.305973593896021256e+01,9.890485232999706611e+00
1.306519946429844481e+01,9.710595915557501456e+00
1.307065853432546376e+01,9.732742978071051709e+00
1.307611314904126942e+01,9.818713160834887432e+00
1.308156330844586535e+01,1.023887678305890248e+01
1.308700901253924798e+01,1.036533312732279200e+01
1.309245026132141909e+01,1.030637699461060919e+01
1.309788705479237692e+01,1.036264813356767789e+01
1.310331939295212145e+01,1.010749479266032047e+01
1.310874727580065624e+01,1.023302303002310509e+01
1.311417070333797597e+01,1.020371535547057107e+01
1.311958967556408417e+01,1.056888414115654307e+01
1.312500419247898087e+01,1.071568062634636220e+01
1.313041425408266427e+01,1.054343589095813449e+01
1.313581986037513438e+01,1.035126058070046007e+01
1.314122101135639475e+01,1.099590401529128769e+01
1.314661770702644006e+01,1.069489805070779198e+01
1.315200994738527385e+01,1.066652625602439386e+01
1.315739773243289434e+01,1.126744365532005077e+01
1.316278106216930510e+01,1.159046805977127370e+01
1.316815993659450079e+01,1.199257320995116416e+01
1.317353435570848497e+01,1.111551382822485046e+01
1.317890431951125585e+01,1.121735181260334535e+01
1.318426982800281522e+01,1.156456709923041970e+01
1.318963088118316307e+01,1.122351367628066576e+01
1.319498747905229763e+01,1.188551985998396709e+01
