#IRAS-17368-3515_flux_calibrated_x IRAS-17368-3515_flux_calibrated_y
7.315533772101396437e+00,5.066220715433617627e+00
7.324534814542277061e+00,5.345808537556710149e+00
7.333531401671943506e+00,5.378224042051217957e+00
7.342523533490399323e+00,5.642265151337689133e+00
7.351511209997641849e+00,5.595638196549630017e+00
7.360494431193671083e+00,5.549839163861001623e+00
7.369473197078489690e+00,5.617357190641745213e+00
7.378447507652095005e+00,5.686804889051229495e+00
7.387417362914487917e+00,5.701742125690584473e+00
7.396382762865668425e+00,5.727186925080125945e+00
7.405343707505636530e+00,5.627664958891640090e+00
7.414300196834392231e+00,5.441852443116514060e+00
7.423252230851935529e+00,5.275113881362690549e+00
7.432199809558267312e+00,5.507812516194900532e+00
7.441142932953384914e+00,5.482338194751384286e+00
7.450081601037291001e+00,5.760648702748007111e+00
7.459015813809985573e+00,5.748229541362432471e+00
7.467945571271466854e+00,5.623877083771668062e+00
7.476870873421734842e+00,5.544694204102888158e+00
7.485791720260792204e+00,5.424039615481231813e+00
7.494708111788636273e+00,5.388415016583154582e+00
7.503620048005267940e+00,5.758252136759050899e+00
7.512527528910687202e+00,5.785200941495342697e+00
7.521430554504894062e+00,5.808068170008191089e+00
7.530329124787888517e+00,5.708515409806297569e+00
7.539223239759670570e+00,5.579163868010828864e+00
7.548112899420240218e+00,5.499007611301973242e+00
7.556998103769597463e+00,5.465658879298710637e+00
7.565878852807743193e+00,5.228575083534006573e+00
7.574755146534675632e+00,5.229925217326972131e+00
7.583626984950395666e+00,5.101287507914708641e+00
7.592494368054903298e+00,5.122553160238973113e+00
7.601357295848197637e+00,5.080963963660983573e+00
7.610215768330281350e+00,5.308224673995168175e+00
7.619069785501151770e+00,5.303777072077830113e+00
7.627919347360809788e+00,5.301695078321072785e+00
7.636764453909255401e+00,5.207132667946696714e+00
7.645605105146489500e+00,5.098920982338986718e+00
7.654441301072509418e+00,5.032933803995183197e+00
7.663273041687318710e+00,5.187485713601589055e+00
7.672100326990913821e+00,5.131363730236358833e+00
7.680923156983298306e+00,5.219784084460609819e+00
7.689741531664468610e+00,5.364311491254826869e+00
7.698555451034429176e+00,5.373501639530426033e+00
7.707364915093174673e+00,5.466534742785564838e+00
7.716169923840708655e+00,5.680467508462530901e+00
7.724970477277031122e+00,5.795712350468502194e+00
7.733766575402139409e+00,6.302684722539224182e+00
7.742558218216037069e+00,6.362970520751697556e+00
7.751345405718722326e+00,6.466102358197302280e+00
7.760128137910193402e+00,6.439608946234741893e+00
7.768906414790452963e+00,6.256408516385698171e+00
7.777680236359499233e+00,6.440571905934219465e+00
7.786449602617333987e+00,6.732714783868614106e+00
7.795214513563958114e+00,6.964737428633359428e+00
7.803974969199368061e+00,7.247042929843961367e+00
7.812730969523565605e+00,7.241609040656363128e+00
7.821482514536550745e+00,7.310730574086838018e+00
7.830229604238323482e+00,7.123877157397781268e+00
7.838972238628883815e+00,6.942567139683786692e+00
7.847710417708231745e+00,6.909495202568578520e+00
7.856444141476368159e+00,6.966402075037266606e+00
7.865173409933290394e+00,6.693812980478528019e+00
7.873898223079002001e+00,6.559245514487317408e+00
7.882618580913500317e+00,6.575729282046203217e+00
7.891334483436785341e+00,6.659733486476008935e+00
7.900045930648860626e+00,6.510229492672267249e+00
7.908752922549720843e+00,6.506250801266737938e+00
7.917455459139369545e+00,6.424537801447306684e+00
7.926153540417806731e+00,6.223522142079508157e+00
7.934847166385030626e+00,6.257049931914283825e+00
7.943536337041041229e+00,6.210566853871339887e+00
7.952221052385841205e+00,6.336649570345963767e+00
7.960901312419427001e+00,6.192835208612347486e+00
7.969577117141801281e+00,6.409888638630733659e+00
7.978248466552964935e+00,6.412341949443974620e+00
7.986915360652914408e+00,6.288975428680303459e+00
7.995577799441651479e+00,6.219906319744835876e+00
8.004235782919176145e+00,5.976620504797932831e+00
8.012889311085487520e+00,5.845044823772085785e+00
8.021538383940589156e+00,5.820232558798455358e+00
8.030183001484475724e+00,5.710526698019860348e+00
8.038823163717152553e+00,5.608593694317064227e+00
8.047458870638614314e+00,5.595221904789380751e+00
8.056090122248862784e+00,5.466925970343338825e+00
8.064716918547901514e+00,5.309207638816822339e+00
8.073339259535726953e+00,5.182491065352030191e+00
8.081957145212340876e+00,5.123191174825219463e+00
8.090570575577741508e+00,4.978706485069436027e+00
8.099179550631930624e+00,4.927267977929016496e+00
8.107784070374906449e+00,4.786432011588596325e+00
8.116384134806668982e+00,4.783485045336166586e+00
8.124979743927221776e+00,4.685982362496609710e+00
8.133570897736559502e+00,4.678459822292360570e+00
8.142157596234685712e+00,4.599231943362363850e+00
8.150739839421600408e+00,4.550550529783641274e+00
8.159317627297301811e+00,4.487512700802566812e+00
8.167890959861791700e+00,4.405319544345901228e+00
8.176459837115066520e+00,4.309758304131382722e+00
8.185024259057131601e+00,4.247258276731030513e+00
8.193584225687983391e+00,4.248115776133600363e+00
8.202139737007623665e+00,4.136774845156242719e+00
8.210690793016050648e+00,4.101665543698154615e+00
8.219237393713266115e+00,4.093399947437379005e+00
8.227779539099268291e+00,3.991530226340521459e+00
8.236317229174057175e+00,4.040426747678773189e+00
8.244850463937634544e+00,4.014864559745007888e+00
8.253379243390000397e+00,3.959460340944373158e+00
8.261903567531152959e+00,3.985567138517069008e+00
8.270423436361094005e+00,4.027103846664345177e+00
8.278938849879819983e+00,3.921429139200757419e+00
8.287449808087336223e+00,3.884906707381306390e+00
8.295956310983639170e+00,3.867634603398971027e+00
8.304458358568730603e+00,3.837080253094728111e+00
8.312955950842608743e+00,3.809639612903040984e+00
8.321449087805273592e+00,3.738444704559425347e+00
8.329937769456726926e+00,3.733391938318844527e+00
8.338421995796970521e+00,3.747268735220377511e+00
8.346901766825997271e+00,3.749496347646029015e+00
8.355377082543814282e+00,3.646911441729537628e+00
8.363847942950418002e+00,3.645940623375298451e+00
8.372314348045810206e+00,3.695369136351987827e+00
8.380776297829989119e+00,3.663299876140764244e+00
8.389233792302954740e+00,3.568302447267577282e+00
8.397686831464708845e+00,3.570643422783586818e+00
8.406135415315251436e+00,3.527343746432413774e+00
8.414579543854580734e+00,3.539382482142104269e+00
8.423019217082698518e+00,3.548889085065160209e+00
8.431454434999603009e+00,3.617908621210376374e+00
8.439885197605294209e+00,3.505783071052566147e+00
8.448311504899775670e+00,3.572501189968181556e+00
8.456733356883043840e+00,3.509821839990539871e+00
8.465150753555096941e+00,3.547642653586074779e+00
8.473563694915940303e+00,3.327147126207951722e+00
8.481972180965570374e+00,3.517769768055926338e+00
8.490376211703987153e+00,3.492519761806814671e+00
8.498775787131194193e+00,3.416150180803156466e+00
8.507170907247186165e+00,3.392886069063741239e+00
8.515561572051968398e+00,3.404777414030981220e+00
8.523947781545535562e+00,3.331384734231015887e+00
8.532329535727892988e+00,3.310217964534349910e+00
8.540706834599035346e+00,3.243727989815022195e+00
8.549079678158966189e+00,3.276391435311025280e+00
8.557448066407685516e+00,3.292178784558566829e+00
8.565811999345191552e+00,3.220553352935158653e+00
8.574171476971486072e+00,3.203052324823016939e+00
8.582526499286567301e+00,3.245570400505596531e+00
8.590877066290435238e+00,3.143190696267203155e+00
8.599223177983091659e+00,3.155759902949657025e+00
8.607564834364536566e+00,3.127723468362750836e+00
8.615902035434768180e+00,3.103617354705814346e+00
8.624234781193786503e+00,3.004723884614791451e+00
8.632563071641593311e+00,3.042775963678832074e+00
8.640886906778190379e+00,3.007271089797433739e+00
8.649206286603570604e+00,2.971844148490442539e+00
8.657521211117741089e+00,2.960329329743856874e+00
8.665831680320700059e+00,2.932993604959829526e+00
8.674137694212443961e+00,2.864604985357867672e+00
8.682439252792976347e+00,2.853464913643417145e+00
8.690736356062297219e+00,2.824132545967870112e+00
8.699029004020404798e+00,2.822346107853688224e+00
8.707317196667299086e+00,2.715673639753093838e+00
8.715600934002981859e+00,2.785019378500028786e+00
8.723880216027453116e+00,2.692230837207314931e+00
8.732155042740711082e+00,2.752168792259252594e+00
8.740425414142757532e+00,2.517563896997232487e+00
8.748691330233590691e+00,2.655435717299819309e+00
8.756952791013212334e+00,2.674533221927210214e+00
8.765209796481618909e+00,2.653685347005910966e+00
8.773462346638815745e+00,2.465102313019876590e+00
8.781710441484801066e+00,2.559397714019727488e+00
8.789954081019571319e+00,2.443735430018003196e+00
8.798193265243130057e+00,2.440076495693735303e+00
8.806427994155477279e+00,2.343129916055779027e+00
8.814658267756611210e+00,2.320905842389549889e+00
8.822884086046531849e+00,2.255706100980664264e+00
8.831105449025242748e+00,2.237703837957805142e+00
8.839322356692738580e+00,2.211083371125185604e+00
8.847534809049024673e+00,2.196577245598884343e+00
8.855742806094095698e+00,2.101295882589920616e+00
8.863946347827956984e+00,2.102254417765775596e+00
8.872145434250603202e+00,2.045134372988974381e+00
8.880340065362037905e+00,2.018605146484634627e+00
8.888530241162261092e+00,1.960555066585050632e+00
8.896715961651270987e+00,1.931665903485625169e+00
8.904897226829069368e+00,1.866198467108732606e+00
8.913074036695654456e+00,1.857040614712386573e+00
8.921246391251026253e+00,1.770689233113489358e+00
8.929414290495186535e+00,1.721727743545979461e+00
8.937577734428135301e+00,1.665703070249951345e+00
8.945736723049872552e+00,1.658147707848102170e+00
8.953891256360394735e+00,1.579259551671064354e+00
8.962041334359705402e+00,1.590530247712267142e+00
8.970186957047802778e+00,1.486266845279071491e+00
8.978328124424690415e+00,1.510611373048209360e+00
8.986464836490364760e+00,1.420430108042289641e+00
8.994597093244824038e+00,1.407664856477812698e+00
9.002724894688075352e+00,1.310031870217803096e+00
9.010848240820109822e+00,1.349808392464702633e+00
9.018967131640934554e+00,1.344599207383718076e+00
9.027081567150545993e+00,1.279004026313296905e+00
9.035191547348945917e+00,1.193671445408320153e+00
9.043297072236132550e+00,1.222983173914477195e+00
9.051398141812105891e+00,1.126651509360078407e+00
9.059494756076869493e+00,1.135226610543450088e+00
9.067586915030419803e+00,1.092943938672147119e+00
9.075674618672756822e+00,1.098881162901437225e+00
9.083757867003882325e+00,1.076885704385285525e+00
9.091836660023792760e+00,1.065568580430287016e+00
9.099910997732493456e+00,1.024908303459700187e+00
9.107980880129980861e+00,9.930967391391730681e-01
9.116046307216256750e+00,9.833050922033261809e-01
9.124107278991319347e+00,9.977475218749217722e-01
9.132163795455170430e+00,9.626967204484796481e-01
9.140215856607808220e+00,9.525954047119791213e-01
9.148263462449234495e+00,9.202463760756830480e-01
9.156306612979447479e+00,9.217014150410550721e-01
9.164345308198448947e+00,9.103864461809748621e-01
9.172379548106235347e+00,8.967415372968879916e-01
9.180409332702812009e+00,8.801347683836399094e-01
9.188434661988175378e+00,8.556139727025455777e-01
9.196455535962327232e+00,8.208308107086407235e-01
9.204471954625265795e+00,8.255398371762828758e-01
9.212483917976992842e+00,7.939217845013607500e-01
9.220491426017506598e+00,7.970147224340483616e-01
9.228494478746808838e+00,7.917463768613951514e-01
9.236493076164897786e+00,7.831868189572411820e-01
9.244487218271775220e+00,7.576127515502306675e-01
9.252476905067439361e+00,7.898517500769061117e-01
9.260462136551890211e+00,7.519922485032698445e-01
9.268442912725129545e+00,7.635819268674994831e-01
9.276419233587159141e+00,7.655132240032082036e-01
9.284391099137971892e+00,7.442722780699696505e-01
9.292358509377574904e+00,7.529785549869392192e-01
9.300321464305966401e+00,7.535856821237189029e-01
9.308279963923142830e+00,7.484734112718236521e-01
9.316234008229107744e+00,7.331118984939815064e-01
9.324183597223861142e+00,7.351482319942349575e-01
9.332128730907401248e+00,7.378059887373507042e-01
9.340069409279729840e+00,7.482898986719421774e-01
9.348005632340845139e+00,7.594305314579448130e-01
9.355937400090748923e+00,7.711708765391931397e-01
9.363864712529437639e+00,7.585891471573092959e-01
9.371787569656918393e+00,7.591244962601118029e-01
9.379705971473182302e+00,7.604294416624272079e-01
9.387619917978236472e+00,7.758767669778054987e-01
9.395529409172079127e+00,7.898597986250841529e-01
9.403434445054706714e+00,8.133865731863861859e-01
9.411335025626122786e+00,8.105699376785453492e-01
9.419231150886327342e+00,7.906429641453314172e-01
9.427122820835318606e+00,8.038943826532820580e-01
9.435010035473098355e+00,8.690665732239861718e-01
9.442892794799664813e+00,8.711533905793497068e-01
9.450771098815019755e+00,8.627526448029892991e-01
9.458644947519161406e+00,9.129917972560112061e-01
9.466514340912091541e+00,9.668963782321399192e-01
9.474379278993808384e+00,9.346627309140603801e-01
9.482239761764311936e+00,9.081897787247156240e-01
9.490095789223603973e+00,9.003287927450983608e-01
9.497947361371684494e+00,9.276795547346677884e-01
9.505794478208551723e+00,9.489426915624260550e-01
9.513637139734207437e+00,1.016791958399843709e+00
9.521475345948649860e+00,1.035257478661117947e+00
9.529309096851882543e+00,1.013934396081275446e+00
9.537138392443900159e+00,9.320551142228032937e-01
9.544963232724704483e+00,9.181144182937310827e-01
9.552783617694297291e+00,8.851076735107181737e-01
9.560599547352678584e+00,9.108547092707959258e-01
9.568411021699846586e+00,8.382361267172054875e-01
9.576218040735803072e+00,8.458189040041669271e-01
9.584020604460546267e+00,8.157133738870608886e-01
9.591818712874076169e+00,8.162193962478534459e-01
9.599612365976394557e+00,8.236376994475322899e-01
9.607401563767503205e+00,8.049320439118448078e-01
9.615186306247396786e+00,7.561680030729781565e-01
9.622966593416078851e+00,7.773382193126244788e-01
9.630742425273547624e+00,7.941702272892243730e-01
9.638513801819803106e+00,8.132871392326400661e-01
9.646280723054848849e+00,8.415047206339032471e-01
9.654043188978679524e+00,9.014651910920046252e-01
9.661801199591298683e+00,8.848654828748065970e-01
9.669554754892706327e+00,8.551478593220751545e-01
9.677303854882900680e+00,8.543178563241827783e-01
9.685048499561883517e+00,8.247607570607030647e-01
9.692788688929653063e+00,8.174851230539009750e-01
9.700524422986211093e+00,8.182125867190017665e-01
9.708255701731555831e+00,7.861227598035395170e-01
9.715982525165687278e+00,8.466088764756843910e-01
9.723704893288608986e+00,8.264994813178904165e-01
9.731422806100317402e+00,7.996529912087116942e-01
9.739136263600812526e+00,7.656553415875666513e-01
9.746845265790094359e+00,7.974344362575589429e-01
9.754549812668166453e+00,7.895861475267522689e-01
9.762249904235023479e+00,7.728529913137583973e-01
9.769945540490670766e+00,7.676257316836201383e-01
9.777636721435104761e+00,8.095664755846062599e-01
9.785323447068325464e+00,7.643156672078612601e-01
9.793005717390334652e+00,7.446508030049688864e-01
9.800683532401130549e+00,7.168997604857642036e-01
9.808356892100713154e+00,7.623346887765375390e-01
9.816025796489086019e+00,7.469357614131069134e-01
9.823690245566243817e+00,7.286431489963852703e-01
9.831350239332190100e+00,7.137389400229203762e-01
9.839005777786924867e+00,7.395442303765407122e-01
9.846656860930446342e+00,6.909896602065013216e-01
9.854303488762756302e+00,7.138300814870566224e-01
9.861945661283854747e+00,6.920209878596059738e-01
9.869583378493738124e+00,7.068646828688252004e-01
9.877216640392409985e+00,6.984903926206320612e-01
9.884845446979870331e+00,6.801908538984337005e-01
9.892469798256117386e+00,7.065461076236365656e-01
9.900089694221152925e+00,6.523767854137951794e-01
9.907705134874975172e+00,6.723291436680173261e-01
9.915316120217585905e+00,6.951861475611856855e-01
9.922922650248983345e+00,7.156977177797136935e-01
9.930524724969169270e+00,7.382170192217804017e-01
9.938122344378141904e+00,6.944165470898815418e-01
9.945715508475903022e+00,6.885892998355849226e-01
9.953304217262450848e+00,6.941025650007545122e-01
9.960888470737787159e+00,7.032861521653162029e-01
9.968468268901910179e+00,7.059503978184420436e-01
9.976043611754821683e+00,7.181110329529807323e-01
9.983614499296519895e+00,7.125107751673304124e-01
9.991180931527006592e+00,7.194276595526620799e-01
9.998742908446279998e+00,7.104933860507968157e-01
1.000630043005434011e+01,6.694716954212927007e-01
1.001385349635119049e+01,7.385690830446735022e-01
1.002140210733682757e+01,7.715811500757641106e-01
1.002894626301125136e+01,7.359371927186110218e-01
1.003648596337446186e+01,7.049893859887519376e-01
1.004402120842646262e+01,7.334249083383287404e-01
1.005155199816724831e+01,7.106572343995963825e-01
1.005907833259682427e+01,7.497626378027083538e-01
1.006660021171518693e+01,7.379254928231792077e-01
1.007411763552233630e+01,7.314104627439547146e-01
1.008163060401827416e+01,7.388204829876086066e-01
1.008913911720299872e+01,7.373579441178920169e-01
1.009664317507651177e+01,7.347100679099164422e-01
1.010414277763881152e+01,7.421633314880385912e-01
1.011163792488989976e+01,7.251131530069352404e-01
1.011912861682977471e+01,7.345427420485615144e-01
1.012661485345843637e+01,7.259220034070545946e-01
1.013409663477588651e+01,7.288615750114151304e-01
1.014157396078212514e+01,7.349211338465938548e-01
1.014904683147715048e+01,7.655560999806765299e-01
1.015651524686096607e+01,7.433793910097544755e-01
1.016397920693356660e+01,7.252184245553701114e-01
1.017143871169495384e+01,7.291393433877367825e-01
1.017889376114512956e+01,7.411108624223727848e-01
1.018634435528409554e+01,7.575804623555278949e-01
1.019379049411184468e+01,7.573017436367067701e-01
1.020123217762838408e+01,7.725093735603282274e-01
1.020866940583371196e+01,7.979266253538138676e-01
1.021610217872782478e+01,7.752279677253846035e-01
1.022353049631072786e+01,7.983894961886506270e-01
1.023095435858241586e+01,7.763713431819598831e-01
1.023837376554289413e+01,8.299523019769132759e-01
1.024578871719215734e+01,7.752859134792109419e-01
1.025319921353021080e+01,8.156525312211695411e-01
1.026060525455704919e+01,7.837490749885265284e-01
1.026800684027267785e+01,8.082698273800033029e-01
1.027540397067709321e+01,8.276139696471103147e-01
1.028279664577029351e+01,8.667032198051531910e-01
1.029018486555228407e+01,8.250753343538471674e-01
1.029756863002306311e+01,8.175379925739653109e-01
1.030494793918262708e+01,8.105167768312546706e-01
1.031232279303097954e+01,8.388703983702460176e-01
1.031969319156812048e+01,8.340592619890232484e-01
1.032705913479404991e+01,8.419159037017474034e-01
1.033442062270876427e+01,8.312963028444273483e-01
1.034177765531226711e+01,8.507142533507189297e-01
1.034913023260455844e+01,8.558122951860996919e-01
1.035647835458563648e+01,8.480880936542380955e-01
1.036382202125550300e+01,8.475467428581306972e-01
1.037116123261415801e+01,8.403482672589429603e-01
1.037849598866159795e+01,8.216032815560303515e-01
1.038582628939782815e+01,8.567492998529490089e-01
1.039315213482284328e+01,8.849607192592179317e-01
1.040047352493664690e+01,8.891711207453784072e-01
1.040779045973923900e+01,8.516374334202113650e-01
1.041510293923061781e+01,8.563261083934736728e-01
1.042241096341078688e+01,8.409743774531476257e-01
1.042971453227974088e+01,8.701499252691666797e-01
1.043701364583748337e+01,8.366727765746556633e-01
1.044430830408401256e+01,8.844799034726548159e-01
1.045159850701932847e+01,8.710274000834697938e-01
1.045888425464343463e+01,8.828630251143213536e-01
1.046616554695632750e+01,8.706403929220366544e-01
1.047344238395800708e+01,9.162153695284724897e-01
1.048071476564847515e+01,8.096616380107914956e-01
1.048798269202772993e+01,8.890217797059885019e-01
1.049524616309577141e+01,8.969250537517717836e-01
1.050250517885260315e+01,9.007216045557653317e-01
1.050975973929821983e+01,8.796773702758114988e-01
1.051700984443262676e+01,8.833509313346625813e-01
1.052425549425581863e+01,8.576796641243851216e-01
1.053149668876780076e+01,8.714123667292419384e-01
1.053873342796856782e+01,8.735806908868581910e-01
1.054596571185812515e+01,8.978088126657078893e-01
1.055319354043646918e+01,8.844372663610055030e-01
1.056041691370359992e+01,8.935089720402773494e-01
1.056763583165951914e+01,8.866172231275394333e-01
1.057485029430422507e+01,8.731716125069333145e-01
1.058206030163771949e+01,8.584090005720841354e-01
1.058926585366000062e+01,8.597701614670342218e-01
1.059646695037107023e+01,8.694555478184556874e-01
1.060366359177092654e+01,9.065819845886147199e-01
1.061085577785957135e+01,8.630979729922899635e-01
1.061804350863700286e+01,8.955756623199523370e-01
1.062522678410322285e+01,8.884792969548462871e-01
1.063240560425822956e+01,8.977300230491235267e-01
1.063957996910202475e+01,8.949194261830711872e-01
1.064674987863460842e+01,8.926703616238252925e-01
1.065391533285597703e+01,8.812371291371652315e-01
1.066107633176613589e+01,8.685741855948186929e-01
1.066823287536507969e+01,9.152196201298892220e-01
1.067538496365281375e+01,9.182688097051366904e-01
1.068253259662933274e+01,8.646400435306962340e-01
1.068967577429464200e+01,8.911523965408671977e-01
1.069681449664873618e+01,8.865888865353447335e-01
1.070394876369161885e+01,9.593853373355415437e-01
1.071107857542329000e+01,8.817029155479987335e-01
1.071820393184374964e+01,9.935156530422215582e-01
1.072532483295299599e+01,9.618047174375736752e-01
1.073244127875102905e+01,9.215935470880350922e-01
1.073955326923784881e+01,9.397743298975257398e-01
1.074666080441345883e+01,9.915972377697990225e-01
1.075376388427785557e+01,9.655108214840621983e-01
1.076086250883103901e+01,9.566391485568633835e-01
1.076795667807301093e+01,9.477038093093553828e-01
1.077504639200376957e+01,9.920244029100115934e-01
1.078213165062331669e+01,9.754431452113778711e-01
1.078921245393165051e+01,1.002321203829116270e+00
1.079628880192877283e+01,9.858632730241388975e-01
1.080336069461468185e+01,1.003604162810628919e+00
1.081042813198937935e+01,9.873783128236736095e-01
1.081749111405286357e+01,1.012318183310578990e+00
1.082454964080513626e+01,1.001203023070827092e+00
1.083160371224619745e+01,1.001613417356481683e+00
1.083865332837604356e+01,9.845160558077558077e-01
1.084569848919467994e+01,1.031823905776199091e+00
1.085273919470210302e+01,1.007163216058624133e+00
1.085977544489831104e+01,9.842587066598955658e-01
1.086680723978330931e+01,9.714120369879111205e-01
1.087383457935709608e+01,9.762635997753007500e-01
1.088085746361966955e+01,1.001687444276881944e+00
1.088787589257102795e+01,1.058486073697119778e+00
1.089488986621117661e+01,1.030573222162532110e+00
1.090189938454011376e+01,1.059250595991562571e+00
1.090890444755783761e+01,1.007686345843229914e+00
1.091590505526434818e+01,1.056285785665577404e+00
1.092290120765964723e+01,1.048118782890302692e+00
1.092989290474373298e+01,1.062317846186202397e+00
1.093688014651660723e+01,9.984351633335974974e-01
1.094386293297826818e+01,1.100718526235844097e+00
1.095084126412871761e+01,1.103646961472522170e+00
1.095781513996795375e+01,1.091600853012975492e+00
1.096478456049597838e+01,1.084352274462180077e+00
1.097174952571278972e+01,1.122327711817037388e+00
1.097871003561839132e+01,1.065558079296274441e+00
1.098566609021277785e+01,1.074020499618626889e+00
1.099261768949595286e+01,1.072186475177882459e+00
1.099956483346791458e+01,1.097546971069436550e+00
1.100650752212866301e+01,1.074030605358162971e+00
1.101344575547820170e+01,1.086172230937856753e+00
1.102037953351652710e+01,1.087238285082431366e+00
1.102730885624363921e+01,1.107568385592089255e+00
1.103423372365953981e+01,1.097419234608427718e+00
1.104115413576422711e+01,1.119638545587139600e+00
1.104807009255770289e+01,1.074224117378979049e+00
1.105498159403996539e+01,1.115371196344044469e+00
1.106188864021101814e+01,1.095643153778914192e+00
1.106879123107085405e+01,1.096908560845916147e+00
1.107568936661948200e+01,1.136444171653333335e+00
1.108258304685689488e+01,1.133713651710386294e+00
1.108947227178309625e+01,1.094038029325068440e+00
1.109635704139808432e+01,1.128915426057540472e+00
1.110323735570186088e+01,1.127263621888086931e+00
1.111011321469442414e+01,1.116071218970124956e+00
1.111698461837577590e+01,1.090760430395817160e+00
1.112385156674591435e+01,1.080192267000914086e+00
1.113071405980484130e+01,1.097405194998768652e+00
1.113757209755255495e+01,1.133993362251958903e+00
1.114442567998905709e+01,1.133738002124858202e+00
1.115127480711434593e+01,1.181144181695581219e+00
1.115811947892842326e+01,1.108423508208501440e+00
1.116495969543128908e+01,1.176181789476767436e+00
1.117179545662294160e+01,1.180991658612894124e+00
1.117862676250338083e+01,1.179128884910471964e+00
1.118545361307260855e+01,1.152095546660297787e+00
1.119227600833062297e+01,1.174659305388085828e+00
1.119909394827742588e+01,1.142652821634607907e+00
1.120590743291301727e+01,1.162143593988584467e+00
1.121271646223739360e+01,1.159149063349615538e+00
1.121952103625056019e+01,1.210394643671867998e+00
1.122632115495251171e+01,1.189367969191231778e+00
1.123311681834325348e+01,1.188415774959023841e+00
1.123990802642278020e+01,1.150150306260348421e+00
1.124669477919109539e+01,1.190927531414272655e+00
1.125347707664819907e+01,1.178387458059648063e+00
1.126025491879409124e+01,1.218726999403992650e+00
1.126702830562877011e+01,1.229281843731478086e+00
1.127379723715223570e+01,1.282075424566282651e+00
1.128056171336448799e+01,1.218458536125267999e+00
1.128732173426553054e+01,1.247170237260879944e+00
1.129407729985535980e+01,1.228608872356665049e+00
1.130082841013397754e+01,1.258546027205604378e+00
1.130757506510138022e+01,1.268340584139860505e+00
1.131431726475757138e+01,1.326177974964565465e+00
1.132105500910255103e+01,1.269976995493292460e+00
1.132778829813631738e+01,1.308608018640726289e+00
1.133451713185887400e+01,1.329886530722088178e+00
1.134124151027021377e+01,1.345741945281906160e+00
1.134796143337034557e+01,1.298904000386606361e+00
1.135467690115926409e+01,1.348843453233813827e+00
1.136138791363696754e+01,1.351118885965041150e+00
1.136809447080345947e+01,1.401887017575061734e+00
1.137479657265873989e+01,1.295270564408031344e+00
1.138149421920280702e+01,1.410883573063013152e+00
1.138818741043566263e+01,1.422493279953635614e+00
1.139487614635730672e+01,1.420343932274985788e+00
1.140156042696773575e+01,1.400195360349091755e+00
1.140824025226695504e+01,1.515984873214365036e+00
1.141491562225496104e+01,1.507477159538378908e+00
1.142158653693175374e+01,1.547101628977133769e+00
1.142825299629733493e+01,1.519235489021063978e+00
1.143491500035170461e+01,1.563894958578293304e+00
1.144157254909486099e+01,1.561754244514118151e+00
1.144822564252680408e+01,1.565231293339525376e+00
1.145487428064753388e+01,1.579336422808801155e+00
1.146151846345705394e+01,1.677768599614718692e+00
1.146815819095536071e+01,1.712756237707738993e+00
1.147479346314245419e+01,1.831340253607811386e+00
1.148142428001833615e+01,1.823881021240935318e+00
1.148805064158300482e+01,1.849073995226478306e+00
1.149467254783646197e+01,1.915498066338214844e+00
1.150128999877870584e+01,1.925241659629481017e+00
1.150790299440973818e+01,1.896066702227287015e+00
1.151451153472955724e+01,1.990990432882971062e+00
1.152111561973816656e+01,2.014354485806624684e+00
1.152771524943556081e+01,2.089298048856944590e+00
1.153431042382174176e+01,2.102242316591131033e+00
1.154090114289671298e+01,2.110333955164901187e+00
1.154748740666047091e+01,2.142496670163607675e+00
1.155406921511301555e+01,2.207966921368584856e+00
1.156064656825434867e+01,2.166075467633659546e+00
1.156721946608446849e+01,2.232859706997930793e+00
1.157378790860337858e+01,2.218787534940026784e+00
1.158035189581107360e+01,2.294579974508322184e+00
1.158691142770755711e+01,2.245516249694300193e+00
1.159346650429282732e+01,2.411683213772310097e+00
1.160001712556688602e+01,2.441646175668964247e+00
1.160656329152973143e+01,2.376960955122015662e+00
1.161310500218136532e+01,2.367341554061357378e+00
1.161964225752178592e+01,2.450634977115970337e+00
1.162617505755099501e+01,2.367517939484719225e+00
1.163270340226899258e+01,2.399947594406690587e+00
1.163922729167577508e+01,2.419693187744597296e+00
1.164574672577134784e+01,2.455179274061738859e+00
1.165226170455570731e+01,2.424002512555651911e+00
1.165877222802885349e+01,2.511309390585619195e+00
1.166527829619078815e+01,2.493901171918237569e+00
1.167177990904150953e+01,2.589005530058106519e+00
1.167827706658101938e+01,2.541526116249307243e+00
1.168476976880931772e+01,2.598836919914060850e+00
1.169125801572640100e+01,2.550817593617703771e+00
1.169774180733227453e+01,2.550241426330209560e+00
1.170422114362693478e+01,2.525187568116412429e+00
1.171069602461038173e+01,2.648953288767248893e+00
1.171716645028261716e+01,2.527103830904349646e+00
1.172363242064363931e+01,2.597912013923269203e+00
1.173009393569344994e+01,2.588323963524610249e+00
1.173655099543204905e+01,2.695862310316616828e+00
1.174300359985943309e+01,2.634963852652867367e+00
1.174945174897560740e+01,2.646550465242289985e+00
1.175589544278056842e+01,2.687789826801654680e+00
1.176233468127431614e+01,2.844357507086824999e+00
1.176876946445685235e+01,2.785815216524414772e+00
1.177519979232817526e+01,2.820793944158841882e+00
1.178162566488828844e+01,2.814251316972277372e+00
1.178804708213718655e+01,2.921793285618124791e+00
1.179446404407487137e+01,2.812925662327685927e+00
1.180087655070134645e+01,3.093153122383768938e+00
1.180728460201660823e+01,3.059270262918015515e+00
1.181368819802065673e+01,2.958739413354792624e+00
1.182008733871349371e+01,2.899556778170448990e+00
1.182648202409511740e+01,3.095644674333030810e+00
1.183287225416553134e+01,3.095557714904769053e+00
1.183925802892473023e+01,3.114245115116639706e+00
1.184563934837271759e+01,3.050175848694114400e+00
1.185201621250949167e+01,3.123179630490394487e+00
1.185838862133505422e+01,2.982994911391167125e+00
1.186475657484940349e+01,3.084030820309115128e+00
1.187112007305254124e+01,3.032828163090695472e+00
1.187747911594446748e+01,3.106579990485707654e+00
1.188383370352517865e+01,3.044501260617582084e+00
1.189018383579468008e+01,3.054141784552801830e+00
1.189652951275296822e+01,3.043889843565553477e+00
1.190287073440004484e+01,3.063871801542864759e+00
1.190920750073590639e+01,3.106965472899429148e+00
1.191553981176055643e+01,3.189904017921493473e+00
1.192186766747399496e+01,3.183462962138601693e+00
1.192819106787622196e+01,3.178853644534327394e+00
1.193451001296723568e+01,3.205392367211002735e+00
1.194082450274703611e+01,3.312338022972232565e+00
1.194713453721562502e+01,3.316489723539741252e+00
1.195344011637300241e+01,3.416079737304569708e+00
1.195974124021916651e+01,3.512219621899276500e+00
1.196603790875411732e+01,3.599493399188022913e+00
1.197233012197785662e+01,3.469305320334048037e+00
1.197861787989038262e+01,3.646099214916270981e+00
1.198490118249169711e+01,3.641472433094719019e+00
1.199118002978179831e+01,3.817455163687680120e+00
1.199745442176068799e+01,3.636667639185383827e+00
1.200372435842836616e+01,3.958800534821866002e+00
1.200998983978483103e+01,3.984435199285385476e+00
1.201625086583008262e+01,3.931039899887702305e+00
1.202250743656412268e+01,3.828787758265607799e+00
1.202875955198694946e+01,4.045657367854462727e+00
1.203500721209856650e+01,3.959996218911629562e+00
1.204125041689896847e+01,4.109867461810609690e+00
1.204748916638815892e+01,4.091377345206257843e+00
1.205372346056613608e+01,4.088328894796594781e+00
1.205995329943290173e+01,4.064591256113219586e+00
1.206617868298845586e+01,4.151444667052150983e+00
1.207239961123279492e+01,4.191846941532256565e+00
1.207861608416592425e+01,4.195664203131369341e+00
1.208482810178783851e+01,4.229338120478392860e+00
1.209103566409854302e+01,4.410379831237275283e+00
1.209723877109803425e+01,4.384309832954302877e+00
1.210343742278631218e+01,4.217927530862893626e+00
1.210963161916338038e+01,4.302997639305453426e+00
1.211582136022923351e+01,4.416192158235953791e+00
1.212200664598387512e+01,4.388868216244912190e+00
1.212818747642730344e+01,4.592362461322463396e+00
1.213436385155952024e+01,4.574810028027520126e+00
1.214053577138052376e+01,4.607729815540793084e+00
1.214670323589031575e+01,4.486951890172666602e+00
1.215286624508889624e+01,4.645241297614004061e+00
1.215902479897626343e+01,4.450692303487816304e+00
1.216517889755241733e+01,4.512418956588772900e+00
1.217132854081735971e+01,4.602378385057753540e+00
1.217747372877108880e+01,4.841843943894948765e+00
1.218361446141360638e+01,4.678712583398989544e+00
1.218975073874491244e+01,4.803286003833599160e+00
1.219588256076500521e+01,4.559005236223314661e+00
1.220200992747388469e+01,4.837080182737983236e+00
1.220813283887155265e+01,4.980756436864876235e+00
1.221425129495800732e+01,4.866361142508926818e+00
1.222036529573325048e+01,4.923105081072389311e+00
1.222647484119728212e+01,5.031862407265440318e+00
1.223257993135010047e+01,4.819565025065841724e+00
1.223868056619170730e+01,4.792470122581035774e+00
1.224477674572209907e+01,4.755493546313786624e+00
1.225086846994128109e+01,4.865900893221152934e+00
1.225695573884924805e+01,4.873977910288814108e+00
1.226303855244600527e+01,5.002800977243536451e+00
1.226911691073154920e+01,5.078759418250924362e+00
1.227519081370587983e+01,5.026121331206198306e+00
1.228126026136900073e+01,4.996622945938934635e+00
1.228732525372090656e+01,5.153890058620457459e+00
1.229338579076159910e+01,4.984541731681133570e+00
1.229944187249108190e+01,5.002763727807659322e+00
1.230549349890935140e+01,4.960997372030066188e+00
1.231154067001640939e+01,5.087160591687122313e+00
1.231758338581225232e+01,4.984240699072524095e+00
1.232362164629688550e+01,5.046406259497704383e+00
1.232965545147030539e+01,5.062419479759283192e+00
1.233568480133251200e+01,5.033818827416038921e+00
1.234170969588350708e+01,5.053461915101995494e+00
1.234773013512329065e+01,5.238116683761598225e+00
1.235374611905186093e+01,5.210553547701479715e+00
1.235975764766921792e+01,5.238469186859699533e+00
1.236576472097536339e+01,5.011573381407221639e+00
1.237176733897029557e+01,5.148100521488119696e+00
1.237776550165401801e+01,5.188929090664399446e+00
1.238375920902652361e+01,5.316264561137256983e+00
1.238974846108781946e+01,4.976532662231907267e+00
1.239573325783790381e+01,5.440809774158665846e+00
1.240171359927677486e+01,5.584924352166049211e+00
1.240768948540443439e+01,5.276311564173226110e+00
1.241366091622088064e+01,4.959476799530588842e+00
1.241962789172611359e+01,5.397508395850814544e+00
1.242559041192013503e+01,5.316139951695740606e+00
1.243154847680294495e+01,5.415062811413172028e+00
1.243750208637454158e+01,5.487089551203368387e+00
1.244345124063492491e+01,5.422570183768064211e+00
1.244939593958409674e+01,5.300068688418960505e+00
1.245533618322205527e+01,5.361196950596186284e+00
1.246127197154880228e+01,5.383056397847488128e+00
1.246720330456433601e+01,5.505111999930993427e+00
1.247313018226865822e+01,5.428953508880512757e+00
1.247905260466176891e+01,5.679562690759299315e+00
1.248497057174366631e+01,5.622860027779930547e+00
1.249088408351435042e+01,5.535364600014111680e+00
1.249679313997382302e+01,5.562603200102380185e+00
1.250269774112208410e+01,5.630279498560274654e+00
1.250859788695913188e+01,5.735488643692840505e+00
1.251449357748496638e+01,5.686693436549138170e+00
1.252038481269958936e+01,5.831293575304150600e+00
1.252627159260299905e+01,5.897775832129950935e+00
1.253215391719519900e+01,6.054769690365231938e+00
1.253803178647618388e+01,5.960690175664122847e+00
1.254390520044595725e+01,6.044512417791654713e+00
1.254977415910451732e+01,5.996460954629691642e+00
1.255563866245186766e+01,6.142425719677217621e+00
1.256149871048800293e+01,6.388421815078468846e+00
1.256735430321292668e+01,6.259477496139880692e+00
1.257320544062663714e+01,6.224058423433016074e+00
1.257905212272913609e+01,6.363469698850700240e+00
1.258489434952042352e+01,6.202292829294059118e+00
1.259073212100049588e+01,6.356010111045413247e+00
1.259656543716935850e+01,6.242416041775945779e+00
1.260239429802700784e+01,6.416831985172024133e+00
1.260821870357344565e+01,6.629365211046178707e+00
1.261403865380867018e+01,6.476694837395743143e+00
1.261985414873268141e+01,6.643971505075719541e+00
1.262566518834548113e+01,6.535205383795279488e+00
1.263147177264706933e+01,6.607008369343900789e+00
1.263727390163744424e+01,6.468595963738054344e+00
1.264307157531660586e+01,6.448081317128679046e+00
1.264886479368455596e+01,6.436492651253773900e+00
1.265465355674129455e+01,6.437722922246272184e+00
1.266043786448681985e+01,6.699717211496665215e+00
1.266621771692113185e+01,6.584380631211901758e+00
1.267199311404423234e+01,6.393939847586841196e+00
1.267776405585611954e+01,6.248439591190588338e+00
1.268353054235679522e+01,5.942967345714909477e+00
1.268929257354625939e+01,6.034034023767016919e+00
1.269505014942450849e+01,6.016103770644478210e+00
1.270080326999154963e+01,5.949440491149300847e+00
1.270655193524737392e+01,5.998929146939369517e+00
1.271229614519198847e+01,6.099031750218415482e+00
1.271803589982538796e+01,6.064677132917863034e+00
1.272377119914757948e+01,6.160920133149756062e+00
1.272950204315855416e+01,6.188449525266856988e+00
1.273522843185831732e+01,6.000773068712882186e+00
1.274095036524687075e+01,6.057574780608328879e+00
1.274666784332420910e+01,6.090239313570703139e+00
1.275238086609033594e+01,6.292830680551741551e+00
1.275808943354525127e+01,6.345303675839470081e+00
1.276379354568895153e+01,6.120898304865882267e+00
1.276949320252144204e+01,6.452762704009445294e+00
1.277518840404271927e+01,6.521684696756143040e+00
1.278087915025278498e+01,6.221136144028004189e+00
1.278656544115163740e+01,6.204193110442373538e+00
1.279224727673927653e+01,6.369985894117792036e+00
1.279792465701570414e+01,6.082115214979270768e+00
1.280359758198091846e+01,6.191054844022864323e+00
1.280926605163492127e+01,6.204485593596485771e+00
1.281493006597771256e+01,6.420520269383691137e+00
1.282058962500929056e+01,6.357121621286712987e+00
1.282624472872965526e+01,6.263475994586277906e+00
1.283189537713880846e+01,6.308208750834706890e+00
1.283754157023675013e+01,6.320201629618899197e+00
1.284318330802347852e+01,6.335417238081444857e+00
1.284882059049899539e+01,6.764488581386749466e+00
1.285445341766329896e+01,6.566140136094376523e+00
1.286008178951638925e+01,6.566054664708069311e+00
1.286570570605826802e+01,6.784789166235022151e+00
1.287132516728893350e+01,6.658708573875668613e+00
1.287694017320838746e+01,6.744699687335055316e+00
1.288255072381662991e+01,6.820780923780915828e+00
1.288815681911365907e+01,6.953882407498197971e+00
1.289375845909947671e+01,6.679376034486709024e+00
1.289935564377408106e+01,6.828067001167885230e+00
1.290494837313747212e+01,6.793018882994096508e+00
1.291053664718965166e+01,6.787147144651204833e+00
1.291612046593061791e+01,6.890558569276196366e+00
1.292169982936037265e+01,6.777943522080231986e+00
1.292727473747891587e+01,6.634626164738542720e+00
1.293284519028624580e+01,6.809496426199228125e+00
1.293841118778236421e+01,6.818176395485873620e+00
1.294397272996726755e+01,6.889650091126193310e+00
1.294952981684096116e+01,7.041888243801433411e+00
1.295508244840344148e+01,6.966997034751959639e+00
1.296063062465470850e+01,6.812820862074145722e+00
1.296617434559476578e+01,6.894478904677614928e+00
1.297171361122360800e+01,7.038230542955528968e+00
1.297724842154123870e+01,6.700182804797460534e+00
1.298277877654765611e+01,6.985212389688318702e+00
1.298830467624286378e+01,7.137507500841866026e+00
1.299382612062685638e+01,6.925719330635792481e+00
1.299934310969963747e+01,6.998991681865764036e+00
1.300485564346120526e+01,6.940994812147665449e+00
1.301036372191156332e+01,6.959668313293541075e+00
1.301586734505070808e+01,7.057463053031507449e+00
1.302136651287863778e+01,6.798956503784953753e+00
1.302686122539535774e+01,7.000472816601483572e+00
1.303235148260086440e+01,7.125813369743260850e+00
1.303783728449515777e+01,7.111969270935108334e+00
1.304331863107823963e+01,7.295607840100561070e+00
1.304879552235010998e+01,7.352902701801416363e+00
1.305426795831076703e+01,7.199446304344937708e+00
1.305973593896021256e+01,7.158582296655317201e+00
1.306519946429844481e+01,7.087225899984818334e+00
1.307065853432546376e+01,7.098863681869593378e+00
1.307611314904126942e+01,7.152844347332582231e+00
1.308156330844586535e+01,7.537962342621339573e+00
1.308700901253924798e+01,7.659831987136471732e+00
1.309245026132141909e+01,7.565502315726608806e+00
1.309788705479237692e+01,7.558748839688819388e+00
1.310331939295212145e+01,7.360827625933436202e+00
1.310874727580065624e+01,7.378507406993677797e+00
1.311417070333797597e+01,7.479146724601329232e+00
1.311958967556408417e+01,7.719518097408853308e+00
1.312500419247898087e+01,7.964433508684625629e+00
1.313041425408266427e+01,7.786541929553779440e+00
1.313581986037513438e+01,7.682089525224203186e+00
1.314122101135639475e+01,8.080189832467466360e+00
1.314661770702644006e+01,7.875469032986339712e+00
1.315200994738527385e+01,7.815820806637668205e+00
1.315739773243289434e+01,8.237066879252193274e+00
1.316278106216930510e+01,8.508755767520815638e+00
1.316815993659450079e+01,8.877417718474024610e+00
1.317353435570848497e+01,8.293239335965315817e+00
1.317890431951125585e+01,8.323222385106598509e+00
1.318426982800281522e+01,8.600301411387221151e+00
1.318963088118316307e+01,8.229091083419042718e+00
1.319498747905229763e+01,8.759990230812650935e+00
