#IRAS-17545-3317_flux_calibrated_x IRAS-17545-3317_flux_calibrated_y
7.315533772101396437e+00,6.492830012069317647e+00
7.324534814542277061e+00,6.861107013662256726e+00
7.333531401671943506e+00,7.094372437564409495e+00
7.342523533490399323e+00,7.540494889927000344e+00
7.351511209997641849e+00,7.164663892718652782e+00
7.360494431193671083e+00,7.131228494555867492e+00
7.369473197078489690e+00,6.920363146170561031e+00
7.378447507652095005e+00,6.777481336827021252e+00
7.387417362914487917e+00,6.661602868689012524e+00
7.396382762865668425e+00,6.650425153593148231e+00
7.405343707505636530e+00,6.468828914828015364e+00
7.414300196834392231e+00,6.434542534249633405e+00
7.423252230851935529e+00,6.295809417522848506e+00
7.432199809558267312e+00,6.422009303385292078e+00
7.441142932953384914e+00,6.357930022613137666e+00
7.450081601037291001e+00,6.649269751360029623e+00
7.459015813809985573e+00,6.589342687974245827e+00
7.467945571271466854e+00,6.631724827001042044e+00
7.476870873421734842e+00,6.670424343298893000e+00
7.485791720260792204e+00,6.589010602905858605e+00
7.494708111788636273e+00,6.555463944589003944e+00
7.503620048005267940e+00,6.936747333453506137e+00
7.512527528910687202e+00,6.741379890903735905e+00
7.521430554504894062e+00,6.659090177303744973e+00
7.530329124787888517e+00,6.598161356576039083e+00
7.539223239759670570e+00,6.370352947677758060e+00
7.548112899420240218e+00,6.241591799464561774e+00
7.556998103769597463e+00,6.135084283606415667e+00
7.565878852807743193e+00,5.850031961191272778e+00
7.574755146534675632e+00,5.940892799455193440e+00
7.583626984950395666e+00,5.934909208934699976e+00
7.592494368054903298e+00,6.117924148303345966e+00
7.601357295848197637e+00,6.174325424034073251e+00
7.610215768330281350e+00,6.380754426747342833e+00
7.619069785501151770e+00,6.220275969919835113e+00
7.627919347360809788e+00,6.084119798979701343e+00
7.636764453909255401e+00,5.880949813834558171e+00
7.645605105146489500e+00,5.649549758023476365e+00
7.654441301072509418e+00,5.438357513610950100e+00
7.663273041687318710e+00,5.506234096730715954e+00
7.672100326990913821e+00,5.473976267550827224e+00
7.680923156983298306e+00,5.521088526468245661e+00
7.689741531664468610e+00,5.730010263268709103e+00
7.698555451034429176e+00,5.858631885219900859e+00
7.707364915093174673e+00,5.971235321484616776e+00
7.716169923840708655e+00,6.230184663041528736e+00
7.724970477277031122e+00,6.358602290521715439e+00
7.733766575402139409e+00,6.748531216953958634e+00
7.742558218216037069e+00,6.835467934678427504e+00
7.751345405718722326e+00,6.757331808160004449e+00
7.760128137910193402e+00,6.885646083829020547e+00
7.768906414790452963e+00,6.867351114518807087e+00
7.777680236359499233e+00,7.242594082815219991e+00
7.786449602617333987e+00,7.850477319769186835e+00
7.795214513563958114e+00,8.024874487780698118e+00
7.803974969199368061e+00,8.422105612715064638e+00
7.812730969523565605e+00,8.347343228920838243e+00
7.821482514536550745e+00,8.565294048561586493e+00
7.830229604238323482e+00,8.245983978013747162e+00
7.838972238628883815e+00,7.990901359119867209e+00
7.847710417708231745e+00,7.829940528823311041e+00
7.856444141476368159e+00,7.811971774400915614e+00
7.865173409933290394e+00,7.509696325684967810e+00
7.873898223079002001e+00,7.298893657709000671e+00
7.882618580913500317e+00,7.158102961318276947e+00
7.891334483436785341e+00,7.174874166666877606e+00
7.900045930648860626e+00,6.935528011929330994e+00
7.908752922549720843e+00,6.945100872024323024e+00
7.917455459139369545e+00,6.911504441105024377e+00
7.926153540417806731e+00,6.569888724051899054e+00
7.934847166385030626e+00,6.616025029950408864e+00
7.943536337041041229e+00,6.680436799191123320e+00
7.952221052385841205e+00,6.985273413016850341e+00
7.960901312419427001e+00,6.919919813815638143e+00
7.969577117141801281e+00,7.156624494327882502e+00
7.978248466552964935e+00,7.204726929782417244e+00
7.986915360652914408e+00,7.203088739498843651e+00
7.995577799441651479e+00,7.173949858249365263e+00
8.004235782919176145e+00,6.944470985191083301e+00
8.012889311085487520e+00,6.834242702954194115e+00
8.021538383940589156e+00,6.798312715498231462e+00
8.030183001484475724e+00,6.702978953751880020e+00
8.038823163717152553e+00,6.539258104881372269e+00
8.047458870638614314e+00,6.471519169473345379e+00
8.056090122248862784e+00,6.298000976035901033e+00
8.064716918547901514e+00,6.098490546825785508e+00
8.073339259535726953e+00,5.881653249513203008e+00
8.081957145212340876e+00,5.814546387789239823e+00
8.090570575577741508e+00,5.681709061337778977e+00
8.099179550631930624e+00,5.676010026454161306e+00
8.107784070374906449e+00,5.562820306230750411e+00
8.116384134806668982e+00,5.627278903996994153e+00
8.124979743927221776e+00,5.515610561757874564e+00
8.133570897736559502e+00,5.517922885727100102e+00
8.142157596234685712e+00,5.441404978934522241e+00
8.150739839421600408e+00,5.430444370009269939e+00
8.159317627297301811e+00,5.396811943501867326e+00
8.167890959861791700e+00,5.294505945688394277e+00
8.176459837115066520e+00,5.166561870994437200e+00
8.185024259057131601e+00,5.095877066202072925e+00
8.193584225687983391e+00,5.121280716611502193e+00
8.202139737007623665e+00,4.985124886644423547e+00
8.210690793016050648e+00,4.966129476275499499e+00
8.219237393713266115e+00,5.011932182581079864e+00
8.227779539099268291e+00,4.946971453804430929e+00
8.236317229174057175e+00,5.064406491248040432e+00
8.244850463937634544e+00,5.070834203427853737e+00
8.253379243390000397e+00,5.037649266743076559e+00
8.261903567531152959e+00,5.082564250511827808e+00
8.270423436361094005e+00,5.174897351072201168e+00
8.278938849879819983e+00,5.056547088427012504e+00
8.287449808087336223e+00,5.003098395269269361e+00
8.295956310983639170e+00,4.989710658963508294e+00
8.304458358568730603e+00,4.977195671752737027e+00
8.312955950842608743e+00,4.981021323449457583e+00
8.321449087805273592e+00,4.909389760365851174e+00
8.329937769456726926e+00,4.872953734929692970e+00
8.338421995796970521e+00,4.890445684093721823e+00
8.346901766825997271e+00,4.888513782516500150e+00
8.355377082543814282e+00,4.760114044959802726e+00
8.363847942950418002e+00,4.788277755293003146e+00
8.372314348045810206e+00,4.869420592306394013e+00
8.380776297829989119e+00,4.818798832363298423e+00
8.389233792302954740e+00,4.687994000731315225e+00
8.397686831464708845e+00,4.726496467423378256e+00
8.406135415315251436e+00,4.670836571965786277e+00
8.414579543854580734e+00,4.704566722561220438e+00
8.423019217082698518e+00,4.745550438535717674e+00
8.431454434999603009e+00,4.824329018459380336e+00
8.439885197605294209e+00,4.658586185797624957e+00
8.448311504899775670e+00,4.752776806846614299e+00
8.456733356883043840e+00,4.707165771267179721e+00
8.465150753555096941e+00,4.810122883898557689e+00
8.473563694915940303e+00,4.519350351814556355e+00
8.481972180965570374e+00,4.807403133066516787e+00
8.490376211703987153e+00,4.828015343950559313e+00
8.498775787131194193e+00,4.742743352249265243e+00
8.507170907247186165e+00,4.724718283449134582e+00
8.515561572051968398e+00,4.759107371907378869e+00
8.523947781545535562e+00,4.650982455362955292e+00
8.532329535727892988e+00,4.667371771023191229e+00
8.540706834599035346e+00,4.563094118568107760e+00
8.549079678158966189e+00,4.661759072620231592e+00
8.557448066407685516e+00,4.678191638249878714e+00
8.565811999345191552e+00,4.659291570255631676e+00
8.574171476971486072e+00,4.683665132111189067e+00
8.582526499286567301e+00,4.719700195606194804e+00
8.590877066290435238e+00,4.582653585666457197e+00
8.599223177983091659e+00,4.615169447136097780e+00
8.607564834364536566e+00,4.604475834872124196e+00
8.615902035434768180e+00,4.580727615041389811e+00
8.624234781193786503e+00,4.423300454426001949e+00
8.632563071641593311e+00,4.545664428487614650e+00
8.640886906778190379e+00,4.517457757675585661e+00
8.649206286603570604e+00,4.498925948825958088e+00
8.657521211117741089e+00,4.507863619607618944e+00
8.665831680320700059e+00,4.490082398704895894e+00
8.674137694212443961e+00,4.395012935697478973e+00
8.682439252792976347e+00,4.406749765725329837e+00
8.690736356062297219e+00,4.372283488375110494e+00
8.699029004020404798e+00,4.418273949203451956e+00
8.707317196667299086e+00,4.331121091555601765e+00
8.715600934002981859e+00,4.493015178948628119e+00
8.723880216027453116e+00,4.384133021995791246e+00
8.732155042740711082e+00,4.490952972723473380e+00
8.740425414142757532e+00,4.146558107083453848e+00
8.748691330233590691e+00,4.426037161797846231e+00
8.756952791013212334e+00,4.491277190491300253e+00
8.765209796481618909e+00,4.469123585079281646e+00
8.773462346638815745e+00,4.202651285139332948e+00
8.781710441484801066e+00,4.397776716396774255e+00
8.789954081019571319e+00,4.196772866057397522e+00
8.798193265243130057e+00,4.201634691813544542e+00
8.806427994155477279e+00,4.136856749585559712e+00
8.814658267756611210e+00,4.141152407589186346e+00
8.822884086046531849e+00,4.080777484291130186e+00
8.831105449025242748e+00,4.093949846533332604e+00
8.839322356692738580e+00,4.077213409347972828e+00
8.847534809049024673e+00,4.122146534955420272e+00
8.855742806094095698e+00,4.032624041240674195e+00
8.863946347827956984e+00,4.106090855649890514e+00
8.872145434250603202e+00,4.011926348721672753e+00
8.880340065362037905e+00,3.977662053105994300e+00
8.888530241162261092e+00,3.921694798935774440e+00
8.896715961651270987e+00,3.940319932134924930e+00
8.904897226829069368e+00,3.860921156336512450e+00
8.913074036695654456e+00,3.887356122552992232e+00
8.921246391251026253e+00,3.785828766972797244e+00
8.929414290495186535e+00,3.739085379188299196e+00
8.937577734428135301e+00,3.656191842986929785e+00
8.945736723049872552e+00,3.636815007578928949e+00
8.953891256360394735e+00,3.550065519397903380e+00
8.962041334359705402e+00,3.589771237846120844e+00
8.970186957047802778e+00,3.430755830855872990e+00
8.978328124424690415e+00,3.538880517320915242e+00
8.986464836490364760e+00,3.369369929763048166e+00
8.994597093244824038e+00,3.377275995071780113e+00
9.002724894688075352e+00,3.147900244132553205e+00
9.010848240820109822e+00,3.308870014652599334e+00
9.018967131640934554e+00,3.324958951274223917e+00
9.027081567150545993e+00,3.186719034230733438e+00
9.035191547348945917e+00,3.056531803737486008e+00
9.043297072236132550e+00,3.137749652676639744e+00
9.051398141812105891e+00,2.964161479943982158e+00
9.059494756076869493e+00,2.986572378515508497e+00
9.067586915030419803e+00,2.910078937344359407e+00
9.075674618672756822e+00,2.909846593179350904e+00
9.083757867003882325e+00,2.802131497280880623e+00
9.091836660023792760e+00,2.819037152823601566e+00
9.099910997732493456e+00,2.772883370054881169e+00
9.107980880129980861e+00,2.777435258204861590e+00
9.116046307216256750e+00,2.707557103953533773e+00
9.124107278991319347e+00,2.747236345619262554e+00
9.132163795455170430e+00,2.656379499805974209e+00
9.140215856607808220e+00,2.611435591591241057e+00
9.148263462449234495e+00,2.522960192128862911e+00
9.156306612979447479e+00,2.558824700176260958e+00
9.164345308198448947e+00,2.531697583088885484e+00
9.172379548106235347e+00,2.486043275605066771e+00
9.180409332702812009e+00,2.442605158436850221e+00
9.188434661988175378e+00,2.404594641509008923e+00
9.196455535962327232e+00,2.343819661179658009e+00
9.204471954625265795e+00,2.354109507346016539e+00
9.212483917976992842e+00,2.241371380093485133e+00
9.220491426017506598e+00,2.271763039158758435e+00
9.228494478746808838e+00,2.212083332238468092e+00
9.236493076164897786e+00,2.216365042724352641e+00
9.244487218271775220e+00,2.197470799072646752e+00
9.252476905067439361e+00,2.221715963339929267e+00
9.260462136551890211e+00,2.161784845988958370e+00
9.268442912725129545e+00,2.233441994637588746e+00
9.276419233587159141e+00,2.223097565791630981e+00
9.284391099137971892e+00,2.154665949325397012e+00
9.292358509377574904e+00,2.134990130310786327e+00
9.300321464305966401e+00,2.131874056995953559e+00
9.308279963923142830e+00,2.102798443789700045e+00
9.316234008229107744e+00,2.098399252597899167e+00
9.324183597223861142e+00,2.112079236662353310e+00
9.332128730907401248e+00,2.101022213717173681e+00
9.340069409279729840e+00,2.092660329279152354e+00
9.348005632340845139e+00,2.108321911181894048e+00
9.355937400090748923e+00,2.088002994177080573e+00
9.363864712529437639e+00,2.076735304082519828e+00
9.371787569656918393e+00,2.089490358513212964e+00
9.379705971473182302e+00,2.109761578734969945e+00
9.387619917978236472e+00,2.157996152902600606e+00
9.395529409172079127e+00,2.162886514404037008e+00
9.403434445054706714e+00,2.213010626867771613e+00
9.411335025626122786e+00,2.208514295183883647e+00
9.419231150886327342e+00,2.252575519491883504e+00
9.427122820835318606e+00,2.244173436078113149e+00
9.435010035473098355e+00,2.382115040928454608e+00
9.442892794799664813e+00,2.413652990389369091e+00
9.450771098815019755e+00,2.510747256476310696e+00
9.458644947519161406e+00,2.524264904928975373e+00
9.466514340912091541e+00,2.625565816992238677e+00
9.474379278993808384e+00,2.612526538222051720e+00
9.482239761764311936e+00,2.756936982802700609e+00
9.490095789223603973e+00,2.711536318661685208e+00
9.497947361371684494e+00,2.728472931181586958e+00
9.505794478208551723e+00,2.799938658660416024e+00
9.513637139734207437e+00,2.654627258339992135e+00
9.521475345948649860e+00,2.791442692832239558e+00
9.529309096851882543e+00,2.810169091904077376e+00
9.537138392443900159e+00,2.602381620665395801e+00
9.544963232724704483e+00,2.648147876569583836e+00
9.552783617694297291e+00,2.544167239159284666e+00
9.560599547352678584e+00,2.584592726806143492e+00
9.568411021699846586e+00,2.453543235329797678e+00
9.576218040735803072e+00,2.460455634499293165e+00
9.584020604460546267e+00,2.356375924201456584e+00
9.591818712874076169e+00,2.311095651769283776e+00
9.599612365976394557e+00,2.217603205430465074e+00
9.607401563767503205e+00,2.124649129836800654e+00
9.615186306247396786e+00,2.050209206551634189e+00
9.622966593416078851e+00,2.142926801742926823e+00
9.630742425273547624e+00,2.184307666029569273e+00
9.638513801819803106e+00,2.349718010412594982e+00
9.646280723054848849e+00,2.387468039131793507e+00
9.654043188978679524e+00,2.540413229202261647e+00
9.661801199591298683e+00,2.468294227588201384e+00
9.669554754892706327e+00,2.495670438584295603e+00
9.677303854882900680e+00,2.386294865711262592e+00
9.685048499561883517e+00,2.409024569757821865e+00
9.692788688929653063e+00,2.421928747278647709e+00
9.700524422986211093e+00,2.363912300126663535e+00
9.708255701731555831e+00,2.272899972893845710e+00
9.715982525165687278e+00,2.341172579414856791e+00
9.723704893288608986e+00,2.253539988508681535e+00
9.731422806100317402e+00,2.275012664410771990e+00
9.739136263600812526e+00,2.240928108504166794e+00
9.746845265790094359e+00,2.217181268003800998e+00
9.754549812668166453e+00,2.177750305925282959e+00
9.762249904235023479e+00,2.180870966710379388e+00
9.769945540490670766e+00,2.156214027076210016e+00
9.777636721435104761e+00,2.200682487411368182e+00
9.785323447068325464e+00,2.221801881282887248e+00
9.793005717390334652e+00,2.234403553425603484e+00
9.800683532401130549e+00,2.182297538619642818e+00
9.808356892100713154e+00,2.125915619607336993e+00
9.816025796489086019e+00,2.116652910878470184e+00
9.823690245566243817e+00,2.111650052962800395e+00
9.831350239332190100e+00,2.072770168012838532e+00
9.839005777786924867e+00,2.079957675867582179e+00
9.846656860930446342e+00,2.033407770749172894e+00
9.854303488762756302e+00,2.017723459133311525e+00
9.861945661283854747e+00,1.966801542880109999e+00
9.869583378493738124e+00,1.993022275374654928e+00
9.877216640392409985e+00,1.993011417756418435e+00
9.884845446979870331e+00,1.957061660404677994e+00
9.892469798256117386e+00,1.979741189330860518e+00
9.900089694221152925e+00,1.919472264588408361e+00
9.907705134874975172e+00,1.933980122559518788e+00
9.915316120217585905e+00,1.952066014602686916e+00
9.922922650248983345e+00,1.950156042559549885e+00
9.930524724969169270e+00,1.932392486335638093e+00
9.938122344378141904e+00,1.923421637949171981e+00
9.945715508475903022e+00,1.888662462145472176e+00
9.953304217262450848e+00,1.872190630975926195e+00
9.960888470737787159e+00,1.900880910907015942e+00
9.968468268901910179e+00,1.916552214320118575e+00
9.976043611754821683e+00,1.910286487564364588e+00
9.983614499296519895e+00,1.950195614249804255e+00
9.991180931527006592e+00,1.919140212571736281e+00
9.998742908446279998e+00,1.908462607757423601e+00
1.000630043005434011e+01,1.828482653220966592e+00
1.001385349635119049e+01,1.917983426360812871e+00
1.002140210733682757e+01,1.970689217790403180e+00
1.002894626301125136e+01,1.872577279867007061e+00
1.003648596337446186e+01,1.846133877228899989e+00
1.004402120842646262e+01,1.908154608058178381e+00
1.005155199816724831e+01,1.866705762062221163e+00
1.005907833259682427e+01,1.907649894447180472e+00
1.006660021171518693e+01,1.883820516465665396e+00
1.007411763552233630e+01,1.914140426841933529e+00
1.008163060401827416e+01,1.890151447072583091e+00
1.008913911720299872e+01,1.875343085855282199e+00
1.009664317507651177e+01,1.906383459774285027e+00
1.010414277763881152e+01,1.887835843416754589e+00
1.011163792488989976e+01,1.879350632342868366e+00
1.011912861682977471e+01,1.899722209521066185e+00
1.012661485345843637e+01,1.885297527867624945e+00
1.013409663477588651e+01,1.858749819555442828e+00
1.014157396078212514e+01,1.882428251418689857e+00
1.014904683147715048e+01,1.921601233583779100e+00
1.015651524686096607e+01,1.893021180731889963e+00
1.016397920693356660e+01,1.900793608884797870e+00
1.017143871169495384e+01,1.884846614755763650e+00
1.017889376114512956e+01,1.902681599172231230e+00
1.018634435528409554e+01,1.926762990327513414e+00
1.019379049411184468e+01,1.960937235808816181e+00
1.020123217762838408e+01,1.928581267154672263e+00
1.020866940583371196e+01,1.961276448911526415e+00
1.021610217872782478e+01,1.919830823657079133e+00
1.022353049631072786e+01,1.994759657207635151e+00
1.023095435858241586e+01,1.930697881464594756e+00
1.023837376554289413e+01,2.007057748525345797e+00
1.024578871719215734e+01,1.889899156035348193e+00
1.025319921353021080e+01,2.026190046476862072e+00
1.026060525455704919e+01,2.038258426702774351e+00
1.026800684027267785e+01,2.031140830503345818e+00
1.027540397067709321e+01,1.996389822422450111e+00
1.028279664577029351e+01,2.049522354772023380e+00
1.029018486555228407e+01,2.030083386428110703e+00
1.029756863002306311e+01,2.050662591485643560e+00
1.030494793918262708e+01,1.983200763704692005e+00
1.031232279303097954e+01,2.070233577836173122e+00
1.031969319156812048e+01,2.049593564773292798e+00
1.032705913479404991e+01,2.052244127807677287e+00
1.033442062270876427e+01,2.042731353177827724e+00
1.034177765531226711e+01,2.138303817553609321e+00
1.034913023260455844e+01,2.137080715380929252e+00
1.035647835458563648e+01,2.121167496993876078e+00
1.036382202125550300e+01,2.070034426713144526e+00
1.037116123261415801e+01,2.072829393672952047e+00
1.037849598866159795e+01,2.049306289113124180e+00
1.038582628939782815e+01,2.147381860140263221e+00
1.039315213482284328e+01,2.156668279218390438e+00
1.040047352493664690e+01,2.148330267641107127e+00
1.040779045973923900e+01,2.126490267042123516e+00
1.041510293923061781e+01,2.146921730538655648e+00
1.042241096341078688e+01,2.134138911571460184e+00
1.042971453227974088e+01,2.173363036287480288e+00
1.043701364583748337e+01,2.123977599726741605e+00
1.044430830408401256e+01,2.197341999452536498e+00
1.045159850701932847e+01,2.152111551100968523e+00
1.045888425464343463e+01,2.161566194415907027e+00
1.046616554695632750e+01,2.143355518625061684e+00
1.047344238395800708e+01,2.242615523893457308e+00
1.048071476564847515e+01,2.039949366158066102e+00
1.048798269202772993e+01,2.230666859442149708e+00
1.049524616309577141e+01,2.290901121577160637e+00
1.050250517885260315e+01,2.223871405816486568e+00
1.050975973929821983e+01,2.141647637223429435e+00
1.051700984443262676e+01,2.179251255240575169e+00
1.052425549425581863e+01,2.129372636341622549e+00
1.053149668876780076e+01,2.180434128476890443e+00
1.053873342796856782e+01,2.162030820087411431e+00
1.054596571185812515e+01,2.168464988372095892e+00
1.055319354043646918e+01,2.133713043778467711e+00
1.056041691370359992e+01,2.165682686198070694e+00
1.056763583165951914e+01,2.166827048717781867e+00
1.057485029430422507e+01,2.177473565537002109e+00
1.058206030163771949e+01,2.178504973761737240e+00
1.058926585366000062e+01,2.167824433475500800e+00
1.059646695037107023e+01,2.194494052956725394e+00
1.060366359177092654e+01,2.251380203722231688e+00
1.061085577785957135e+01,2.177085502304492159e+00
1.061804350863700286e+01,2.210129169945097782e+00
1.062522678410322285e+01,2.219769235023432596e+00
1.063240560425822956e+01,2.181350571293662277e+00
1.063957996910202475e+01,2.205767899612502969e+00
1.064674987863460842e+01,2.247560476050843636e+00
1.065391533285597703e+01,2.228023364905414194e+00
1.066107633176613589e+01,2.214572102289819711e+00
1.066823287536507969e+01,2.240186732117471546e+00
1.067538496365281375e+01,2.292888634354980582e+00
1.068253259662933274e+01,2.215051846408847336e+00
1.068967577429464200e+01,2.300031102383582216e+00
1.069681449664873618e+01,2.267546142018718403e+00
1.070394876369161885e+01,2.393553676851741141e+00
1.071107857542329000e+01,2.177930097951859434e+00
1.071820393184374964e+01,2.427874485033323371e+00
1.072532483295299599e+01,2.411824160000689776e+00
1.073244127875102905e+01,2.348307379056967292e+00
1.073955326923784881e+01,2.297785678340304116e+00
1.074666080441345883e+01,2.439727082758988086e+00
1.075376388427785557e+01,2.344982900275578430e+00
1.076086250883103901e+01,2.394695957155678734e+00
1.076795667807301093e+01,2.391466426823477320e+00
1.077504639200376957e+01,2.433672644733523072e+00
1.078213165062331669e+01,2.381151614417189144e+00
1.078921245393165051e+01,2.438196380677698283e+00
1.079628880192877283e+01,2.384985484744984507e+00
1.080336069461468185e+01,2.456850602660508365e+00
1.081042813198937935e+01,2.454260293891875833e+00
1.081749111405286357e+01,2.477765324446316253e+00
1.082454964080513626e+01,2.425497206999355004e+00
1.083160371224619745e+01,2.469553328304393780e+00
1.083865332837604356e+01,2.418938552777961881e+00
1.084569848919467994e+01,2.493509309071453295e+00
1.085273919470210302e+01,2.454749265604677433e+00
1.085977544489831104e+01,2.435147020435056042e+00
1.086680723978330931e+01,2.437407873096451461e+00
1.087383457935709608e+01,2.502651508228403987e+00
1.088085746361966955e+01,2.497685233481054201e+00
1.088787589257102795e+01,2.557682591945757533e+00
1.089488986621117661e+01,2.522710438196160698e+00
1.090189938454011376e+01,2.616981112999928083e+00
1.090890444755783761e+01,2.523607432414127327e+00
1.091590505526434818e+01,2.601383530707979119e+00
1.092290120765964723e+01,2.584142062823672870e+00
1.092989290474373298e+01,2.640364606900835298e+00
1.093688014651660723e+01,2.483661342868001665e+00
1.094386293297826818e+01,2.687013873028138100e+00
1.095084126412871761e+01,2.707146815265851103e+00
1.095781513996795375e+01,2.679454769513522905e+00
1.096478456049597838e+01,2.593239261278712071e+00
1.097174952571278972e+01,2.684048002845705660e+00
1.097871003561839132e+01,2.596301907073633952e+00
1.098566609021277785e+01,2.678738447686388913e+00
1.099261768949595286e+01,2.602973052022337530e+00
1.099956483346791458e+01,2.604994053324727776e+00
1.100650752212866301e+01,2.583627585886013378e+00
1.101344575547820170e+01,2.675910862458555250e+00
1.102037953351652710e+01,2.703510075938438728e+00
1.102730885624363921e+01,2.736418254119158178e+00
1.103423372365953981e+01,2.685577141427903047e+00
1.104115413576422711e+01,2.744461733370671119e+00
1.104807009255770289e+01,2.673327886598817038e+00
1.105498159403996539e+01,2.742332682176043868e+00
1.106188864021101814e+01,2.731350648537770098e+00
1.106879123107085405e+01,2.707846310198454898e+00
1.107568936661948200e+01,2.726383173886213207e+00
1.108258304685689488e+01,2.708283857799899774e+00
1.108947227178309625e+01,2.698882891034737774e+00
1.109635704139808432e+01,2.805942993727287060e+00
1.110323735570186088e+01,2.750575609831324986e+00
1.111011321469442414e+01,2.740488125790426555e+00
1.111698461837577590e+01,2.736162301925997742e+00
1.112385156674591435e+01,2.717093457251690047e+00
1.113071405980484130e+01,2.744995111275814192e+00
1.113757209755255495e+01,2.830857628085926780e+00
1.114442567998905709e+01,2.705883440793929395e+00
1.115127480711434593e+01,2.826842961999243009e+00
1.115811947892842326e+01,2.693410624769783990e+00
1.116495969543128908e+01,2.898204559406437397e+00
1.117179545662294160e+01,2.879531666096994069e+00
1.117862676250338083e+01,2.841981475984312500e+00
1.118545361307260855e+01,2.773657586664582286e+00
1.119227600833062297e+01,2.840973931609029446e+00
1.119909394827742588e+01,2.805229751249074255e+00
1.120590743291301727e+01,2.888805378165292925e+00
1.121271646223739360e+01,2.846350125043836776e+00
1.121952103625056019e+01,2.897467667101473410e+00
1.122632115495251171e+01,2.844000599262987539e+00
1.123311681834325348e+01,2.871117805806705725e+00
1.123990802642278020e+01,2.860836737677606045e+00
1.124669477919109539e+01,2.924043590559369132e+00
1.125347707664819907e+01,2.883801306692376887e+00
1.126025491879409124e+01,2.912757592969198672e+00
1.126702830562877011e+01,2.919557292425865036e+00
1.127379723715223570e+01,3.024574685041084177e+00
1.128056171336448799e+01,2.997441181438535551e+00
1.128732173426553054e+01,3.060377774854406319e+00
1.129407729985535980e+01,3.007833161715556702e+00
1.130082841013397754e+01,2.994860298292530754e+00
1.130757506510138022e+01,2.982356496618818742e+00
1.131431726475757138e+01,3.135317265208461102e+00
1.132105500910255103e+01,3.092804965019864571e+00
1.132778829813631738e+01,3.168789235609239530e+00
1.133451713185887400e+01,3.159848852639876693e+00
1.134124151027021377e+01,3.211557245996111476e+00
1.134796143337034557e+01,3.109152207001154800e+00
1.135467690115926409e+01,3.206965105068204647e+00
1.136138791363696754e+01,3.237978292296131766e+00
1.136809447080345947e+01,3.295735388114878983e+00
1.137479657265873989e+01,3.096588952747012069e+00
1.138149421920280702e+01,3.322014146401945034e+00
1.138818741043566263e+01,3.402932307564845882e+00
1.139487614635730672e+01,3.421324370966662975e+00
1.140156042696773575e+01,3.306728192276395806e+00
1.140824025226695504e+01,3.473680422861449291e+00
1.141491562225496104e+01,3.428292248896225303e+00
1.142158653693175374e+01,3.488180745575921282e+00
1.142825299629733493e+01,3.490912107685507415e+00
1.143491500035170461e+01,3.594701194356658913e+00
1.144157254909486099e+01,3.548830803770123055e+00
1.144822564252680408e+01,3.544396834324847312e+00
1.145487428064753388e+01,3.525283552290767730e+00
1.146151846345705394e+01,3.699440164555585220e+00
1.146815819095536071e+01,3.667220744034062729e+00
1.147479346314245419e+01,3.866893149472553137e+00
1.148142428001833615e+01,3.775029449992027164e+00
1.148805064158300482e+01,3.792463679911566299e+00
1.149467254783646197e+01,3.839048213174387048e+00
1.150128999877870584e+01,3.815123727924396579e+00
1.150790299440973818e+01,3.792860266862684071e+00
1.151451153472955724e+01,3.932202832325158326e+00
1.152111561973816656e+01,3.919574808631486995e+00
1.152771524943556081e+01,3.963553254484400767e+00
1.153431042382174176e+01,3.926645882275096699e+00
1.154090114289671298e+01,3.911764987384879433e+00
1.154748740666047091e+01,3.921774166676286200e+00
1.155406921511301555e+01,4.121198739296035640e+00
1.156064656825434867e+01,3.971641117813807575e+00
1.156721946608446849e+01,4.029966076721136936e+00
1.157378790860337858e+01,3.962451871201223774e+00
1.158035189581107360e+01,4.093834948497585557e+00
1.158691142770755711e+01,4.005436057978437603e+00
1.159346650429282732e+01,4.307966357173768301e+00
1.160001712556688602e+01,4.274676290964854353e+00
1.160656329152973143e+01,4.150641317467151481e+00
1.161310500218136532e+01,4.102665521938830828e+00
1.161964225752178592e+01,4.315012343176081622e+00
1.162617505755099501e+01,4.149277908568145712e+00
1.163270340226899258e+01,4.148012268063077990e+00
1.163922729167577508e+01,4.156161300932416758e+00
1.164574672577134784e+01,4.178191573135340064e+00
1.165226170455570731e+01,4.096726667944595945e+00
1.165877222802885349e+01,4.237746836534424411e+00
1.166527829619078815e+01,4.197716025435223486e+00
1.167177990904150953e+01,4.336937111947623436e+00
1.167827706658101938e+01,4.300912154838171020e+00
1.168476976880931772e+01,4.297302591143448147e+00
1.169125801572640100e+01,4.192985185201427711e+00
1.169774180733227453e+01,4.205663541666813110e+00
1.170422114362693478e+01,4.174980966799636484e+00
1.171069602461038173e+01,4.328486215873619258e+00
1.171716645028261716e+01,4.127950310750194696e+00
1.172363242064363931e+01,4.200360463500342867e+00
1.173009393569344994e+01,4.164451082017342820e+00
1.173655099543204905e+01,4.316169982691865137e+00
1.174300359985943309e+01,4.248655447208816049e+00
1.174945174897560740e+01,4.240496777133002659e+00
1.175589544278056842e+01,4.267319133664781994e+00
1.176233468127431614e+01,4.461691056084886142e+00
1.176876946445685235e+01,4.339459347905936681e+00
1.177519979232817526e+01,4.374527449520947187e+00
1.178162566488828844e+01,4.399329555482508702e+00
1.178804708213718655e+01,4.559775296170033521e+00
1.179446404407487137e+01,4.359851159766296114e+00
1.180087655070134645e+01,4.787894293000434232e+00
1.180728460201660823e+01,4.727769200664051930e+00
1.181368819802065673e+01,4.570596710314037914e+00
1.182008733871349371e+01,4.485387038772402413e+00
1.182648202409511740e+01,4.751963499601800756e+00
1.183287225416553134e+01,4.723291998127523428e+00
1.183925802892473023e+01,4.776309514608237272e+00
1.184563934837271759e+01,4.727331023639135488e+00
1.185201621250949167e+01,4.838816161868402688e+00
1.185838862133505422e+01,4.604291190136833301e+00
1.186475657484940349e+01,4.788027812191887556e+00
1.187112007305254124e+01,4.735616535195487309e+00
1.187747911594446748e+01,4.783353491891461751e+00
1.188383370352517865e+01,4.677758335812698398e+00
1.189018383579468008e+01,4.707294975760644817e+00
1.189652951275296822e+01,4.690822530190397188e+00
1.190287073440004484e+01,4.727271314072346797e+00
1.190920750073590639e+01,4.814883488224755759e+00
1.191553981176055643e+01,4.914058547034528601e+00
1.192186766747399496e+01,4.972007567426970809e+00
1.192819106787622196e+01,4.905056008652382005e+00
1.193451001296723568e+01,4.820504627077546900e+00
1.194082450274703611e+01,4.913587061251070587e+00
1.194713453721562502e+01,4.899366745389198030e+00
1.195344011637300241e+01,5.058533010016450504e+00
1.195974124021916651e+01,5.135484181283311855e+00
1.196603790875411732e+01,5.179170608229630268e+00
1.197233012197785662e+01,4.919884610115474288e+00
1.197861787989038262e+01,5.085967361636792639e+00
1.198490118249169711e+01,5.044615173851926038e+00
1.199118002978179831e+01,5.321779733632914677e+00
1.199745442176068799e+01,5.009339577271337163e+00
1.200372435842836616e+01,5.383413360658192204e+00
1.200998983978483103e+01,5.347047228528181151e+00
1.201625086583008262e+01,5.219235753726042759e+00
1.202250743656412268e+01,5.043975436407618140e+00
1.202875955198694946e+01,5.316720300967116231e+00
1.203500721209856650e+01,5.175892150665933222e+00
1.204125041689896847e+01,5.359682703387717240e+00
1.204748916638815892e+01,5.282992685321959314e+00
1.205372346056613608e+01,5.232619037417513219e+00
1.205995329943290173e+01,5.124773729493212748e+00
1.206617868298845586e+01,5.183103910710952889e+00
1.207239961123279492e+01,5.263237478978524564e+00
1.207861608416592425e+01,5.271727957056609348e+00
1.208482810178783851e+01,5.346430667054005603e+00
1.209103566409854302e+01,5.472183466044000966e+00
1.209723877109803425e+01,5.349255151593196089e+00
1.210343742278631218e+01,5.140405095568890914e+00
1.210963161916338038e+01,5.265243806513345781e+00
1.211582136022923351e+01,5.389505346648054029e+00
1.212200664598387512e+01,5.373700693090968095e+00
1.212818747642730344e+01,5.596300695925200408e+00
1.213436385155952024e+01,5.577531512984577944e+00
1.214053577138052376e+01,5.559840776247645167e+00
1.214670323589031575e+01,5.354519413842678155e+00
1.215286624508889624e+01,5.540917141444713145e+00
1.215902479897626343e+01,5.335349149626156695e+00
1.216517889755241733e+01,5.419204915156178082e+00
1.217132854081735971e+01,5.513764155052776950e+00
1.217747372877108880e+01,5.725414962652789264e+00
1.218361446141360638e+01,5.467353004118799653e+00
1.218975073874491244e+01,5.588878327623063136e+00
1.219588256076500521e+01,5.301719043974367551e+00
1.220200992747388469e+01,5.672152195239115180e+00
1.220813283887155265e+01,5.741840936448596722e+00
1.221425129495800732e+01,5.670951170402943831e+00
1.222036529573325048e+01,5.632315846609483145e+00
1.222647484119728212e+01,5.797731452732538315e+00
1.223257993135010047e+01,5.532139733089131539e+00
1.223868056619170730e+01,5.503467472786078396e+00
1.224477674572209907e+01,5.410033896362750561e+00
1.225086846994128109e+01,5.538741506708106499e+00
1.225695573884924805e+01,5.528256901993922057e+00
1.226303855244600527e+01,5.628812201811971505e+00
1.226911691073154920e+01,5.699522698028664180e+00
1.227519081370587983e+01,5.632589464605210594e+00
1.228126026136900073e+01,5.599141060227193378e+00
1.228732525372090656e+01,5.745684524701633933e+00
1.229338579076159910e+01,5.585460022745565745e+00
1.229944187249108190e+01,5.598913419735412234e+00
1.230549349890935140e+01,5.561701523704720707e+00
1.231154067001640939e+01,5.657108047421403718e+00
1.231758338581225232e+01,5.503898190119394407e+00
1.232362164629688550e+01,5.545143414765989043e+00
1.232965545147030539e+01,5.573722220847448838e+00
1.233568480133251200e+01,5.560212292408252210e+00
1.234170969588350708e+01,5.583966782534813156e+00
1.234773013512329065e+01,5.756964954030713955e+00
1.235374611905186093e+01,5.669861822576587329e+00
1.235975764766921792e+01,5.653991045379057390e+00
1.236576472097536339e+01,5.375731221102181934e+00
1.237176733897029557e+01,5.550859423970707418e+00
1.237776550165401801e+01,5.638427196952177312e+00
1.238375920902652361e+01,5.812911565928871482e+00
1.238974846108781946e+01,5.403079899597669211e+00
1.239573325783790381e+01,5.828258243361696955e+00
1.240171359927677486e+01,5.960194871723609289e+00
1.240768948540443439e+01,5.610112838198295648e+00
1.241366091622088064e+01,5.323182067348337654e+00
1.241962789172611359e+01,5.766260955501474328e+00
1.242559041192013503e+01,5.684124327721168157e+00
1.243154847680294495e+01,5.775429745602628451e+00
1.243750208637454158e+01,5.825342078991470274e+00
1.244345124063492491e+01,5.723567431010931905e+00
1.244939593958409674e+01,5.539056216221758255e+00
1.245533618322205527e+01,5.566623271418768226e+00
1.246127197154880228e+01,5.620377885569346255e+00
1.246720330456433601e+01,5.800840668626362273e+00
1.247313018226865822e+01,5.758445761697204013e+00
1.247905260466176891e+01,6.000898100304739913e+00
1.248497057174366631e+01,5.889195208825508843e+00
1.249088408351435042e+01,5.709952086225841050e+00
1.249679313997382302e+01,5.715354110388703113e+00
1.250269774112208410e+01,5.746982513535924042e+00
1.250859788695913188e+01,5.871394152520093890e+00
1.251449357748496638e+01,5.870437748507852049e+00
1.252038481269958936e+01,6.026925308390700842e+00
1.252627159260299905e+01,6.092885696700286680e+00
1.253215391719519900e+01,6.240837642602499180e+00
1.253803178647618388e+01,6.118905698683015260e+00
1.254390520044595725e+01,6.266797022387899041e+00
1.254977415910451732e+01,6.252138279175225577e+00
1.255563866245186766e+01,6.416978001758454120e+00
1.256149871048800293e+01,6.623406166306656573e+00
1.256735430321292668e+01,6.456407131692015078e+00
1.257320544062663714e+01,6.382980574337319801e+00
1.257905212272913609e+01,6.496739782573955679e+00
1.258489434952042352e+01,6.259746714796754929e+00
1.259073212100049588e+01,6.416179415670224984e+00
1.259656543716935850e+01,6.328106385409517642e+00
1.260239429802700784e+01,6.591139347549538563e+00
1.260821870357344565e+01,6.749595753142832777e+00
1.261403865380867018e+01,6.570663567174928055e+00
1.261985414873268141e+01,6.597752380837920150e+00
1.262566518834548113e+01,6.504767346626812774e+00
1.263147177264706933e+01,6.565775981197869093e+00
1.263727390163744424e+01,6.531982312143449931e+00
1.264307157531660586e+01,6.559390880985126238e+00
1.264886479368455596e+01,6.658745075823819803e+00
1.265465355674129455e+01,6.676818358213463256e+00
1.266043786448681985e+01,6.880263513310170609e+00
1.266621771692113185e+01,6.642272178430297380e+00
1.267199311404423234e+01,6.339733724053405517e+00
1.267776405585611954e+01,6.102732675047619182e+00
1.268353054235679522e+01,5.843656872635191846e+00
1.268929257354625939e+01,5.965258037217321174e+00
1.269505014942450849e+01,5.973214194701958135e+00
1.270080326999154963e+01,5.926743039365240939e+00
1.270655193524737392e+01,5.962111125741963669e+00
1.271229614519198847e+01,6.038655104754778513e+00
1.271803589982538796e+01,5.941953718183649258e+00
1.272377119914757948e+01,5.976630679536842017e+00
1.272950204315855416e+01,5.976214016604913581e+00
1.273522843185831732e+01,5.794414623418515653e+00
1.274095036524687075e+01,5.923148195875143074e+00
1.274666784332420910e+01,5.990673459805570644e+00
1.275238086609033594e+01,6.182163105023472660e+00
1.275808943354525127e+01,6.261729376449158835e+00
1.276379354568895153e+01,6.030366152789810918e+00
1.276949320252144204e+01,6.303220960360431668e+00
1.277518840404271927e+01,6.332356292222970140e+00
1.278087915025278498e+01,6.000268461715668522e+00
1.278656544115163740e+01,6.023836220813173270e+00
1.279224727673927653e+01,6.212068678362522078e+00
1.279792465701570414e+01,5.965435870941548480e+00
1.280359758198091846e+01,6.080985075675076956e+00
1.280926605163492127e+01,6.059088793746656876e+00
1.281493006597771256e+01,6.218022680614970987e+00
1.282058962500929056e+01,6.089142329584950275e+00
1.282624472872965526e+01,5.994922294036226340e+00
1.283189537713880846e+01,6.086164119436479503e+00
1.283754157023675013e+01,6.115943123468960074e+00
1.284318330802347852e+01,6.198903989521542535e+00
1.284882059049899539e+01,6.545965463559102027e+00
1.285445341766329896e+01,6.342939280277144043e+00
1.286008178951638925e+01,6.287426207841144254e+00
1.286570570605826802e+01,6.462961027194446650e+00
1.287132516728893350e+01,6.295403863557463175e+00
1.287694017320838746e+01,6.408371231721917916e+00
1.288255072381662991e+01,6.524011089185671075e+00
1.288815681911365907e+01,6.756411777658383855e+00
1.289375845909947671e+01,6.479845650333756701e+00
1.289935564377408106e+01,6.615377311053293852e+00
1.290494837313747212e+01,6.541216963817672259e+00
1.291053664718965166e+01,6.485386197732347036e+00
1.291612046593061791e+01,6.519627415034091378e+00
1.292169982936037265e+01,6.441144997096143854e+00
1.292727473747891587e+01,6.315178714831951368e+00
1.293284519028624580e+01,6.487476107076486365e+00
1.293841118778236421e+01,6.563770391897698175e+00
1.294397272996726755e+01,6.587771985362357086e+00
1.294952981684096116e+01,6.657222250357333060e+00
1.295508244840344148e+01,6.583987144733307595e+00
1.296063062465470850e+01,6.379090887163690660e+00
1.296617434559476578e+01,6.483812195342585127e+00
1.297171361122360800e+01,6.561749716268129085e+00
1.297724842154123870e+01,6.285996145058892814e+00
1.298277877654765611e+01,6.561664305033612088e+00
1.298830467624286378e+01,6.738835416545716939e+00
1.299382612062685638e+01,6.569740463862705049e+00
1.299934310969963747e+01,6.640378374759842828e+00
1.300485564346120526e+01,6.507190129690112457e+00
1.301036372191156332e+01,6.499981467820650671e+00
1.301586734505070808e+01,6.525690944745099920e+00
1.302136651287863778e+01,6.351550843386169376e+00
1.302686122539535774e+01,6.581718462580687934e+00
1.303235148260086440e+01,6.687064586551630718e+00
1.303783728449515777e+01,6.667032925075131899e+00
1.304331863107823963e+01,6.719821295236989123e+00
1.304879552235010998e+01,6.784768399640917380e+00
1.305426795831076703e+01,6.652193383033373486e+00
1.305973593896021256e+01,6.615809753641838320e+00
1.306519946429844481e+01,6.488637142950812731e+00
1.307065853432546376e+01,6.554827825403808816e+00
1.307611314904126942e+01,6.705220222841259847e+00
1.308156330844586535e+01,7.045229379107970757e+00
1.308700901253924798e+01,7.097299028282328948e+00
1.309245026132141909e+01,6.956464940720207046e+00
1.309788705479237692e+01,6.943655614165197498e+00
1.310331939295212145e+01,6.732066493952697073e+00
1.310874727580065624e+01,6.745302117481212001e+00
1.311417070333797597e+01,6.859023116962934985e+00
1.311958967556408417e+01,7.108306824042530003e+00
1.312500419247898087e+01,7.325221130280049842e+00
1.313041425408266427e+01,7.204790773668468873e+00
1.313581986037513438e+01,7.056364682696388613e+00
1.314122101135639475e+01,7.400204180888161787e+00
1.314661770702644006e+01,7.173463174508098561e+00
1.315200994738527385e+01,7.117385680758889777e+00
1.315739773243289434e+01,7.496441799409408802e+00
1.316278106216930510e+01,7.778509221646499938e+00
1.316815993659450079e+01,8.151109631488811402e+00
1.317353435570848497e+01,7.600019493038134399e+00
1.317890431951125585e+01,7.562750139543603645e+00
1.318426982800281522e+01,7.847094604086933600e+00
1.318963088118316307e+01,7.613945714841269918e+00
1.319498747905229763e+01,8.054984727559794777e+00
