#IRAS-18195-2804_flux_calibrated_x IRAS-18195-2804_flux_calibrated_y
7.317424360582047704e+00,9.824734283855911521e-01
7.326424467407572472e+00,8.668784052753252256e-01
7.335420118921885724e+00,8.987604822482365696e-01
7.344411315124985684e+00,8.797173199025485335e-01
7.353398056016874129e+00,7.450358534903390728e-01
7.362380341597549283e+00,7.801345553692832224e-01
7.371358171867012921e+00,8.474806851451476275e-01
7.380331546825263267e+00,9.153050045649568922e-01
7.389300466472302098e+00,9.247287800028418658e-01
7.398264930808127637e+00,1.010634798380439570e+00
7.407224939832741661e+00,1.090837626631552038e+00
7.416180493546142394e+00,1.088681717015474115e+00
7.425131591948331611e+00,1.028687413580159804e+00
7.434078235039307536e+00,1.005302146565444588e+00
7.443020422819071946e+00,9.807313920346616420e-01
7.451958155287623065e+00,1.041308009623197695e+00
7.460891432444961779e+00,1.008995456083129794e+00
7.469820254291088979e+00,9.591227229829002443e-01
7.478744620826003775e+00,9.874583326939539996e-01
7.487664532049705279e+00,1.077337131304586970e+00
7.496579987962194380e+00,1.061150235095495109e+00
7.505490988563471966e+00,1.103459650355962385e+00
7.514397533853537148e+00,1.070773804502529458e+00
7.523299623832389038e+00,1.149525490882884249e+00
7.532197258500028525e+00,1.171980159025028723e+00
7.541090437856456496e+00,1.236093105418711424e+00
7.549979161901671176e+00,1.248276795549219997e+00
7.558863430635674341e+00,1.224154312420628887e+00
7.567743244058465102e+00,1.256362990463735674e+00
7.576618602170042571e+00,1.263246533975131758e+00
7.585489504970407637e+00,1.257641579191710601e+00
7.594355952459561188e+00,1.244766870038703344e+00
7.603217944637501446e+00,1.219015587525583921e+00
7.612075481504230190e+00,1.259950578255263132e+00
7.620928563059745642e+00,1.269076009350257994e+00
7.629777189304048690e+00,1.308090041905100698e+00
7.638621360237140223e+00,1.329062566537289491e+00
7.647461075859019353e+00,1.389185538483004967e+00
7.656296336169686079e+00,1.401117618659577069e+00
7.665127141169139513e+00,1.441688360028887228e+00
7.673953490857381432e+00,1.466395136510093344e+00
7.682775385234410059e+00,1.517466698712164774e+00
7.691592824300227171e+00,1.436723732137250353e+00
7.700405808054830992e+00,1.353054834740172518e+00
7.709214336498223297e+00,1.252576235830158202e+00
7.718018409630402310e+00,1.225852741527427181e+00
7.726818027451369808e+00,1.148925539138666130e+00
7.735613189961124014e+00,1.155821496493521394e+00
7.744403897159665817e+00,1.103390076543532494e+00
7.753190149046996993e+00,1.063189794051280668e+00
7.761971945623113989e+00,1.007409782262756348e+00
7.770749286888018581e+00,1.018074479939428345e+00
7.779522172841711658e+00,9.017164990329136209e-01
7.788290603484192332e+00,8.968604262385795334e-01
7.797054578815459713e+00,7.896867315206643756e-01
7.805814098835514692e+00,7.973487822693652305e-01
7.814569163544357266e+00,7.998891151823185330e-01
7.823319772941988326e+00,8.203690263103768920e-01
7.832065927028407870e+00,8.289110710011085015e-01
7.840807625803613234e+00,9.277158301800422224e-01
7.849544869267606195e+00,8.984604436863463661e-01
7.858277657420387641e+00,9.794014509639746846e-01
7.867005990261955795e+00,9.847212832337368660e-01
7.875729867792312433e+00,1.033598939378858717e+00
7.884449290011456668e+00,1.046250068838406433e+00
7.893164256919388500e+00,1.114307318570651795e+00
7.901874768516107039e+00,1.202011407271371235e+00
7.910580824801612287e+00,1.196871928582666333e+00
7.919282425775906908e+00,1.228224407613580427e+00
7.927979571438989126e+00,1.210410089633807695e+00
7.936672261790858052e+00,1.172604363648355630e+00
7.945360496831516350e+00,1.259911634975429573e+00
7.954044276560960469e+00,1.157410511024698163e+00
7.962723600979192184e+00,1.093914671910517500e+00
7.971398470086212384e+00,1.150175003034904497e+00
7.980068883882020181e+00,1.160311067132382634e+00
7.988734842366613798e+00,1.213559205797068996e+00
7.997396345539997675e+00,1.266807120137672049e+00
8.006053393402167373e+00,1.331371849279115338e+00
8.014705985953124667e+00,1.352253256352097255e+00
8.023354123192870446e+00,1.362026229074840389e+00
8.031997805121402934e+00,1.435548695344206482e+00
8.040637031738723906e+00,1.488814733492445086e+00
8.049271803044831586e+00,1.576334268661710114e+00
8.057902119039727751e+00,1.598505515417151468e+00
8.066527979723412400e+00,1.679515082548662885e+00
8.075149385095883758e+00,1.710900026476240399e+00
8.083766335157141825e+00,1.768369084683013348e+00
8.092378829907186599e+00,1.803301037523687089e+00
8.100986869346019859e+00,1.856805331229509637e+00
8.109590453473641602e+00,1.873102579160963010e+00
8.118189582290051831e+00,1.890232115864273199e+00
8.126784255795246992e+00,1.900760215127763830e+00
8.135374473989230637e+00,1.932863260925668625e+00
8.143960236872004543e+00,1.964686531723439877e+00
8.152541544443563382e+00,2.006676790688190604e+00
8.161118396703908928e+00,2.065799695724073626e+00
8.169690793653044736e+00,2.115056787217154621e+00
8.178258735290965475e+00,2.160876752809672841e+00
8.186822221617676476e+00,2.177763491904865401e+00
8.195381252633174185e+00,2.241696366987793176e+00
8.203935828337458602e+00,2.211006523352220476e+00
8.212485948730531504e+00,2.300805085424956431e+00
8.221031613812391114e+00,2.276578801228158255e+00
8.229572823583039209e+00,2.281084855799548894e+00
8.238109578042474013e+00,2.266707984932031739e+00
8.246641877190697301e+00,2.249652996632913293e+00
8.255169721027707297e+00,2.214579913476442119e+00
8.263693109553505778e+00,2.216881001794372974e+00
8.272212042768092743e+00,2.218264673828677314e+00
8.280726520671466417e+00,2.248090024533046183e+00
8.289236543263625023e+00,2.260443834147481290e+00
8.297742110544573890e+00,2.307488037617492438e+00
8.306243222514311242e+00,2.323600465635971002e+00
8.314739879172835302e+00,2.350925987818042628e+00
8.323232080520146070e+00,2.341202569685041368e+00
8.331719826556245323e+00,2.402073587327083537e+00
8.340203117281131284e+00,2.411416263048479447e+00
8.348681952694805730e+00,2.447376747786897067e+00
8.357156332797266884e+00,2.412419545871457682e+00
8.365626257588516523e+00,2.463061417070806947e+00
8.374091727068554647e+00,2.506601611998422907e+00
8.382552741237377703e+00,2.549353792544846620e+00
8.391009300094989243e+00,2.499876793395537256e+00
8.399461403641389268e+00,2.501715750113345127e+00
8.407909051876576001e+00,2.440933431998791203e+00
8.416352244800551219e+00,2.457041789934503839e+00
8.424790982413313145e+00,2.449733675904794961e+00
8.433225264714865332e+00,2.467823433651523679e+00
8.441655091705202452e+00,2.413632708387809966e+00
8.450080463384326279e+00,2.439797956127542911e+00
8.458501379752238591e+00,2.413690055249433364e+00
8.466917840808941165e+00,2.479908274280009817e+00
8.475329846554428670e+00,2.289192368623530704e+00
8.483737396988702884e+00,2.421628309023169834e+00
8.492140492111767358e+00,2.326529890617750507e+00
8.500539131923616765e+00,2.405671595252440564e+00
8.508933316424256432e+00,2.337187812314862612e+00
8.517323045613682808e+00,2.377642359192379207e+00
8.525708319491897669e+00,2.336072702536401202e+00
8.534089138058897461e+00,2.373487081577299485e+00
8.542465501314687515e+00,2.323364160755711616e+00
8.550837409259262500e+00,2.365479080671270218e+00
8.559204861892627747e+00,2.336789329995849318e+00
8.567567859214779702e+00,2.323184317051811387e+00
8.575926401225716589e+00,2.297108890579019569e+00
8.584280487925443737e+00,2.307011685939488022e+00
8.592630119313959369e+00,2.273047364991966912e+00
8.600975295391259934e+00,2.327752583506041084e+00
8.609316016157350759e+00,2.337524261988143337e+00
8.617652281612228293e+00,2.357763089855634320e+00
8.625984091755892536e+00,2.289906696347083326e+00
8.634311446588345262e+00,2.311788831836681712e+00
8.642634346109586474e+00,2.276143985930714653e+00
8.650952790319612618e+00,2.303331402445722098e+00
8.659266779218427246e+00,2.293812637027474732e+00
8.667576312806030359e+00,2.286257038355101301e+00
8.675881391082420180e+00,2.253525828778635276e+00
8.684182014047598486e+00,2.247243359756783576e+00
8.692478181701563500e+00,2.209362365820945140e+00
8.700769894044316999e+00,2.172077020820017079e+00
8.709057151075857206e+00,2.140088198662344787e+00
8.717339952796187674e+00,2.195680278915682848e+00
8.725618299205303074e+00,2.097057373747415632e+00
8.733892190303206959e+00,2.130223845467089205e+00
8.742161626089897553e+00,1.980141716542381802e+00
8.750426606565376630e+00,2.104272979781089070e+00
8.758687131729642417e+00,2.044793787908629312e+00
8.766943201582698464e+00,2.098819569742123914e+00
8.775194816124539443e+00,1.981794277997264153e+00
8.783441975355167131e+00,2.060459488000785822e+00
8.791684679274585079e+00,1.992844168370544233e+00
8.799922927882789736e+00,2.030993018795860028e+00
8.808156721179781101e+00,1.982337759629968055e+00
8.816386059165560951e+00,1.991024257542524545e+00
8.824610941840127509e+00,1.939097008063004557e+00
8.832831369203482552e+00,1.906291407884396438e+00
8.841047341255624303e+00,1.863211701871120729e+00
8.849258857996554539e+00,1.866946215165226963e+00
8.857465919426271483e+00,1.790014846068644916e+00
8.865668525544778689e+00,1.802163820572874720e+00
8.873866676352069049e+00,1.736739020043435833e+00
8.882060371848151448e+00,1.733626557799252677e+00
8.890249612033018778e+00,1.676961495847387074e+00
8.898434396906672816e+00,1.692433908308175639e+00
8.906614726469117116e+00,1.638241005655274529e+00
8.914790600720348124e+00,1.662495055986995762e+00
8.922962019660365840e+00,1.622207663690970803e+00
8.931128983289172041e+00,1.597956241648653464e+00
8.939291491606764950e+00,1.560291614688748218e+00
8.947449544613146344e+00,1.529272275403336323e+00
8.955603142308316222e+00,1.486013662306875593e+00
8.963752284692272809e+00,1.459408132739384856e+00
8.971896971765016104e+00,1.422616071880249633e+00
8.980037203526546108e+00,1.417456455129067816e+00
8.988172979976866372e+00,1.354407187207194552e+00
8.996304301115971569e+00,1.361576210025509770e+00
9.004431166943867026e+00,1.252021834190353067e+00
9.012553577460549192e+00,1.275386035027111786e+00
9.020671532666019843e+00,1.250014266538160390e+00
9.028785032560277202e+00,1.248178089993839945e+00
9.036894077143321269e+00,1.210911940246232721e+00
9.044998666415153821e+00,1.209782916068270042e+00
9.053098800375773081e+00,1.153288271645760865e+00
9.061194479025180826e+00,1.146189544560723972e+00
9.069285702363375279e+00,1.113171293041090193e+00
9.077372470390358217e+00,1.117969084908827515e+00
9.085454783106127863e+00,1.058400102161751954e+00
9.093532640510685994e+00,1.061714661544208571e+00
9.101606042604032609e+00,1.019725244437649447e+00
9.109674989386165933e+00,1.026943535592232948e+00
9.117739480857085965e+00,9.734680937935179523e-01
9.125799517016794482e+00,9.811034758064692829e-01
9.133855097865289707e+00,9.741266775621604257e-01
9.141906223402573417e+00,9.819446170315230260e-01
9.149952893628643835e+00,9.307070134883310697e-01
9.157995108543504514e+00,9.350425447198102979e-01
9.166032868147148349e+00,9.031015110969241588e-01
9.174066172439584221e+00,8.861683170932623810e-01
9.182095021420805026e+00,8.843898649267095680e-01
9.190119415090814314e+00,8.659054542191445547e-01
9.198139353449610311e+00,8.581779980956569798e-01
9.206154836497194793e+00,8.295159141390819890e-01
9.214165864233565983e+00,7.908493455243764680e-01
9.222172436658725658e+00,7.774222227608083013e-01
9.230174553772672041e+00,7.554310663048128260e-01
9.238172215575406909e+00,7.563117224070534661e-01
9.246165422066930262e+00,7.195636055254008845e-01
9.254154173247240323e+00,7.204113520242433344e-01
9.262138469116337092e+00,6.844298616674805436e-01
9.270118309674222346e+00,7.023902925778210404e-01
9.278093694920894308e+00,6.858037604682926114e-01
9.286064624856354754e+00,6.699156783743935861e-01
9.294031099480601910e+00,6.702714554783867351e-01
9.301993118793637549e+00,6.589970239700061461e-01
9.309950682795461674e+00,6.326221645095636559e-01
9.317903791486072507e+00,6.222114112472897363e-01
9.325852444865470048e+00,6.316483136690854705e-01
9.333796642933656074e+00,6.385593881637193769e-01
9.341736385690628808e+00,6.195111553472909538e-01
9.349671673136390027e+00,5.917700232702252094e-01
9.357602505270937954e+00,5.732923197194053078e-01
9.365528882094276142e+00,5.845630159080513755e-01
9.373450803606399262e+00,5.705027219455612864e-01
9.381368269807310867e+00,5.789829884111900027e-01
9.389281280697009180e+00,5.611700050653604110e-01
9.397189836275495978e+00,5.287705859740216008e-01
9.405093936542769484e+00,5.122034440233803609e-01
9.412993581498831475e+00,5.056020247900735454e-01
9.420888771143681950e+00,4.980665483752886313e-01
9.428779505477317358e+00,4.527260826461445009e-01
9.436665784499741250e+00,4.665933700352525859e-01
9.444547608210955403e+00,4.357206397183734925e-01
9.452424976610954488e+00,4.271831797874743875e-01
9.460297889699742058e+00,3.722139231575988805e-01
9.468166347477316336e+00,3.850642900716692019e-01
9.476030349943679099e+00,3.226883859044726299e-01
9.483889897098828570e+00,2.967233907531114379e-01
9.491744988942768302e+00,3.165611606322389360e-01
9.499595625475492966e+00,3.296945180332428449e-01
9.507441806697006115e+00,2.766786291965221967e-01
9.515283532607305972e+00,3.096773241061210324e-01
9.523120803206394314e+00,3.055271629302003800e-01
9.530953618494269364e+00,3.148591483836368221e-01
9.538781978470932899e+00,3.423073761454251684e-01
9.546605883136384918e+00,3.625193440460504624e-01
9.554425332490623646e+00,3.373757183975533147e-01
9.562240326533649082e+00,3.239880103674452339e-01
9.570050865265463003e+00,3.353337120058950127e-01
9.577856948686063632e+00,3.423394142750554869e-01
9.585658576795452746e+00,3.686237099777462944e-01
9.593455749593630344e+00,4.185735615562009571e-01
9.601248467080594651e+00,4.244311131974496942e-01
9.609036729256345666e+00,4.073947200883739073e-01
9.616820536120885166e+00,3.704786286993327349e-01
9.624599887674211374e+00,3.730533977930926559e-01
9.632374783916326066e+00,3.691918167336507017e-01
9.640145224847227468e+00,3.467507301489293203e-01
9.647911210466917353e+00,3.062900880925240599e-01
9.655672740775395724e+00,2.860072101577936232e-01
9.663429815772660803e+00,2.670463230151363665e-01
9.671182435458712590e+00,2.870034975386134279e-01
9.678930599833552861e+00,3.136854634471662462e-01
9.686674308897179841e+00,2.932370193611931741e-01
9.694413562649595306e+00,2.840404468351210854e-01
9.702148361090799256e+00,3.004572200848220631e-01
9.709878704220789913e+00,2.936267875897292101e-01
9.717604592039567279e+00,3.303291248619240061e-01
9.725326024547133130e+00,3.130466923108211619e-01
9.733043001743485689e+00,3.522247024576220520e-01
9.740755523628628509e+00,3.010909191988362377e-01
9.748463590202556261e+00,3.201560666452732407e-01
9.756167201465270722e+00,3.233119507816998306e-01
9.763866357416775443e+00,3.112474174070917754e-01
9.771561058057066873e+00,3.331337549015115362e-01
9.779251303386145011e+00,3.525544128299359925e-01
9.786937093404013410e+00,3.090095900256474293e-01
9.794618428110666741e+00,2.995684041820997345e-01
9.802295307506108557e+00,3.138752425404359725e-01
9.809967731590337081e+00,3.460650085623880878e-01
9.817635700363354090e+00,3.353909057588945752e-01
9.825299213825159583e+00,3.544794854128021089e-01
9.832958271975751785e+00,3.191678473292339779e-01
9.840612874815128919e+00,3.446668776272340806e-01
9.848263022343298090e+00,3.510032728808316627e-01
9.855908714560252193e+00,3.405521104718486902e-01
9.863549951465994781e+00,3.480411637430462224e-01
9.871186733060525853e+00,3.467831396238659214e-01
9.878819059343843634e+00,3.668076771623221544e-01
9.886446930315946346e+00,3.857029457244607329e-01
9.894070345976839320e+00,3.923483757788194248e-01
9.901689306326520779e+00,3.858125532092642196e-01
9.909303811364988945e+00,3.910536871353680333e-01
9.916913861092243820e+00,4.075602019641056395e-01
9.924519455508287180e+00,4.205402672699415922e-01
9.932120594613119025e+00,4.364970240846818283e-01
9.939717278406737577e+00,4.441623779576635567e-01
9.947309506889144615e+00,4.559563966902352994e-01
9.954897280060336584e+00,4.506135694920270773e-01
9.962480597920318814e+00,4.540435630563296465e-01
9.970059460469085977e+00,4.808931665882386075e-01
9.977633867706643400e+00,5.034375023053604403e-01
9.985203819632987532e+00,5.026893776706047312e-01
9.992769316248118372e+00,5.113838651720040707e-01
1.000033035755203770e+01,5.186144297420669513e-01
1.000788694354474551e+01,5.293132795098699495e-01
1.001543907422624002e+01,5.879307461437509597e-01
1.002298674959652125e+01,5.611052170138888240e-01
1.003052996965559096e+01,5.627352225174917510e-01
1.003806873440344738e+01,5.513587041534959710e-01
1.004560304384009406e+01,5.772956118174432660e-01
1.005313289796552567e+01,5.757964316746077005e-01
1.006065829677974577e+01,5.893089025377796775e-01
1.006817924028275257e+01,5.809306344882001483e-01
1.007569572847454786e+01,5.932741892123918337e-01
1.008320776135512986e+01,5.821419779233052427e-01
1.009071533892450212e+01,6.001642192611129634e-01
1.009821846118265931e+01,5.985563089964184291e-01
1.010571712812960499e+01,5.770051915704433876e-01
1.011321133976533737e+01,5.897130330785002039e-01
1.012070109608986002e+01,6.179014995272049671e-01
1.012818639710316582e+01,6.042595612369702218e-01
1.013566724280526365e+01,6.131937642818795497e-01
1.014314363319614642e+01,6.029069678293128565e-01
1.015061556827581768e+01,6.346919593533643100e-01
1.015808304804427742e+01,6.243596988633254297e-01
1.016554607250152209e+01,6.225898293410521145e-01
1.017300464164755702e+01,6.262983684480606383e-01
1.018045875548237866e+01,6.258212927624158262e-01
1.018790841400598701e+01,6.347266917382241580e-01
1.019535361721838385e+01,6.604152185856367874e-01
1.020279436511956739e+01,6.800607550444196514e-01
1.021023065770953941e+01,6.575300066474558669e-01
1.021766249498829993e+01,6.459670510988796410e-01
1.022508987695584715e+01,6.538516020394055106e-01
1.023251280361218107e+01,6.383883294664099983e-01
1.023993127495730526e+01,6.479895138525456622e-01
1.024734529099121438e+01,6.386593319804664270e-01
1.025475485171391199e+01,7.281429180388264699e-01
1.026215995712539630e+01,7.041455528909242867e-01
1.026956060722566910e+01,7.118580350981080773e-01
1.027695680201473039e+01,6.734003837632797085e-01
1.028434854149257838e+01,6.885817765516755173e-01
1.029173582565921308e+01,7.119110110300043148e-01
1.029911865451463626e+01,7.354819427007720511e-01
1.030649702805884793e+01,7.084984075883216104e-01
1.031387094629184453e+01,7.072804191567900745e-01
1.032124040921363139e+01,6.804989972427641920e-01
1.032860541682420497e+01,6.998618159267916417e-01
1.033596596912356702e+01,6.897803246437943514e-01
1.034332206611171401e+01,7.055241372965467272e-01
1.035067370778865126e+01,7.154787707262858509e-01
1.035802089415437521e+01,7.296152569752158978e-01
1.036536362520888588e+01,6.982945874291865973e-01
1.037270190095218503e+01,6.935840179323647936e-01
1.038003572138427266e+01,6.729447024718103743e-01
1.038736508650514700e+01,6.758211041731342350e-01
1.039468999631480806e+01,6.747366147786715285e-01
1.040201045081325759e+01,7.152261847556813379e-01
1.040932645000049561e+01,7.145590459940203143e-01
1.041663799387651856e+01,7.154815790499060579e-01
1.042394508244133178e+01,6.974975357101462770e-01
1.043124771569493170e+01,6.961581235203512241e-01
1.043854589363731833e+01,6.922171708714397464e-01
1.044583961626849522e+01,7.088832602582554321e-01
1.045312888358845704e+01,7.270725109035787170e-01
1.046041369559720735e+01,7.232603856369824724e-01
1.046769405229474437e+01,7.027184150246995609e-01
1.047496995368106987e+01,7.384766330276184565e-01
1.048224139975618208e+01,6.963221366799504652e-01
1.048950839052008277e+01,7.729963309892314838e-01
1.049677092597277195e+01,7.643934083536942925e-01
1.050402900611424961e+01,7.732970612108761577e-01
1.051128263094451221e+01,7.525388541128369413e-01
1.051853180046356329e+01,7.779620556082060823e-01
1.052577651467140107e+01,7.650205031743376738e-01
1.053301677356802735e+01,7.674292059215903627e-01
1.054025257715344033e+01,7.704807776195691238e-01
1.054748392542764179e+01,7.735431318382779420e-01
1.055471081839063174e+01,7.609590764846309030e-01
1.056193325604240840e+01,7.612188553557858173e-01
1.056915123838297177e+01,7.516068267891721222e-01
1.057636476541232540e+01,7.579718398971846405e-01
1.058357383713046396e+01,7.662690700787674336e-01
1.059077845353739100e+01,7.902706458308638160e-01
1.059797861463310653e+01,7.665266502471467236e-01
1.060517432041760699e+01,7.781368896348852537e-01
1.061236557089089771e+01,7.648345212825532480e-01
1.061955236605297515e+01,8.041845015567419264e-01
1.062673470590384106e+01,8.079989886373307728e-01
1.063391259044349191e+01,8.068486449697253038e-01
1.064108601967193302e+01,7.762932373494866312e-01
1.064825499358915906e+01,7.785281518180049432e-01
1.065541951219517536e+01,7.942163605642579283e-01
1.066257957548997837e+01,7.992814617904525631e-01
1.066973518347356986e+01,7.990999255307569271e-01
1.067688633614594806e+01,7.853595371849679818e-01
1.068403303350711475e+01,7.869310376919227412e-01
1.069117527555706637e+01,7.821526572060149007e-01
1.069831306229580825e+01,7.797071060541429510e-01
1.070544639372333684e+01,8.177873889716763545e-01
1.071257526983965214e+01,7.735902019224980553e-01
1.071969969064475592e+01,8.261888826767129768e-01
1.072681965613864641e+01,8.031864715873567873e-01
1.073393516632132538e+01,8.161077689366348364e-01
1.074104622119279284e+01,8.086931719058036983e-01
1.074815282075304701e+01,8.356853173257828837e-01
1.075525496500208789e+01,8.039080605825521531e-01
1.076235265393991725e+01,8.212315494409836436e-01
1.076944588756653509e+01,8.164256289066195160e-01
1.077653466588193965e+01,8.210485431806421319e-01
1.078361898888613091e+01,7.966547836855616405e-01
1.079069885657911065e+01,8.482858344874191214e-01
1.079777426896087889e+01,8.322735046433439310e-01
1.080484522603143382e+01,8.493333274906389452e-01
1.081191172779077725e+01,8.397686673498726551e-01
1.081897377423890738e+01,8.682308568388691361e-01
1.082603136537582422e+01,8.640183065692269571e-01
1.083308450120152955e+01,8.647209610913489941e-01
1.084013318171602336e+01,8.731380406297669650e-01
1.084717740691930388e+01,8.973861485156116036e-01
1.085421717681137110e+01,8.922713761178951986e-01
1.086125249139222682e+01,8.961210970558650679e-01
1.086828335066186924e+01,8.932224515136006904e-01
1.087530975462030192e+01,8.957362078955805051e-01
1.088233170326751953e+01,8.627135744780065618e-01
1.088934919660352563e+01,8.763691021580971574e-01
1.089636223462832021e+01,8.553182573725167659e-01
1.090337081734189972e+01,8.723374976913325085e-01
1.091037494474426950e+01,9.037863307709441685e-01
1.091737461683542776e+01,9.038909053806736260e-01
1.092436983361537095e+01,8.755331890634414638e-01
1.093136059508410263e+01,8.744592230871390814e-01
1.093834690124162101e+01,8.430699703353745633e-01
1.094532875208792788e+01,9.205838838149060788e-01
1.095230614762302324e+01,9.161856811343782603e-01
1.095927908784690530e+01,9.221876544624898475e-01
1.096624757275957407e+01,8.661844600120004456e-01
1.097321160236103132e+01,9.044816720190180792e-01
1.098017117665127707e+01,8.941522846400254965e-01
1.098712629563030951e+01,9.221276603381081127e-01
1.099407695929813045e+01,9.214089603972978049e-01
1.100102316765473631e+01,9.025206492331785402e-01
1.100796492070013244e+01,8.996772713652616549e-01
1.101490221843431527e+01,9.001963431898590828e-01
1.102183506085728482e+01,8.950319791667410430e-01
1.102876344796904284e+01,9.185988031052466640e-01
1.103568737976958936e+01,9.106959755136048162e-01
1.104260685625892258e+01,9.420538699490271783e-01
1.104952187743704251e+01,9.347600143843400877e-01
1.105643244330395092e+01,9.272755127889981130e-01
1.106333855385964782e+01,9.072979488083375843e-01
1.107024020910413142e+01,9.283726069329062414e-01
1.107713740903740351e+01,9.128467969145686034e-01
1.108403015365946231e+01,9.173630116060841333e-01
1.109091844297030782e+01,9.094596105368152328e-01
1.109780227696994181e+01,9.354948093894156491e-01
1.110468165565836429e+01,9.358390291475384704e-01
1.111155657903557348e+01,9.166917743099056715e-01
1.111842704710156937e+01,8.994878128573814413e-01
1.112529305985635553e+01,8.879524181992011211e-01
1.113215461729992661e+01,9.420759694142027962e-01
1.113901171943228441e+01,9.365609257399829524e-01
1.114586436625343424e+01,9.056212066986095710e-01
1.115271255776336723e+01,9.190166704471759429e-01
1.115955629396209048e+01,9.042723624814149597e-01
1.116639557484960044e+01,9.702434563695114811e-01
1.117323040042589888e+01,9.409322783461226969e-01
1.118006077069098225e+01,9.792190008426024939e-01
1.118688668564485589e+01,9.504955526344288641e-01
1.119370814528751801e+01,9.819486764412707069e-01
1.120052514961896328e+01,9.617037479233324637e-01
1.120733769863920060e+01,9.778868243955720629e-01
1.121414579234822284e+01,9.647325109939743903e-01
1.122094943074603357e+01,9.829022862379819259e-01
1.122774861383263278e+01,9.638761265111982501e-01
1.123454334160801871e+01,1.004748678129869344e+00
1.124133361407219134e+01,9.759792691783375496e-01
1.124811943122515245e+01,9.946737680096715550e-01
1.125490079306690205e+01,1.006530763416146002e+00
1.126167769959743836e+01,1.016355145512120250e+00
1.126845015081676316e+01,1.025307139193215145e+00
1.127521814672487466e+01,1.059500757714075814e+00
1.128198168732177287e+01,1.053277178807800141e+00
1.128874077260745956e+01,1.047573696616608041e+00
1.129549540258193474e+01,1.054961548060378229e+00
1.130224557724519663e+01,1.078001749786806407e+00
1.130899129659724700e+01,1.083954077803677141e+00
1.131573256063808230e+01,1.078930172289478184e+00
1.132246936936770787e+01,1.089181175667253143e+00
1.132920172278612014e+01,1.096675316540407952e+00
1.133592962089331913e+01,1.088286613035656325e+00
1.134265306368930659e+01,1.089109200195027771e+00
1.134937205117408254e+01,1.110326004977019165e+00
1.135608658334764520e+01,1.107630189115919261e+00
1.136279666020999635e+01,1.090344166723160368e+00
1.136950228176113242e+01,1.113249878711310537e+00
1.137620344800106054e+01,1.044365893531063572e+00
1.138290015892977181e+01,1.118929803465919193e+00
1.138959241454727334e+01,1.140287264640789555e+00
1.139628021485356157e+01,1.192869777697852518e+00
1.140296355984863652e+01,1.160685904981703986e+00
1.140964244953250173e+01,1.202777836822710222e+00
1.141631688390515187e+01,1.208403397849101335e+00
1.142298686296659049e+01,1.228523344892412217e+00
1.142965238671681760e+01,1.183405931655784782e+00
1.143631345515583142e+01,1.200447739280256165e+00
1.144297006828363195e+01,1.237726296749513288e+00
1.144962222610022273e+01,1.291468576447328598e+00
1.145626992860559845e+01,1.320189494496323279e+00
1.146291317579976266e+01,1.304992496176755612e+00
1.146955196768271534e+01,1.268466331823449922e+00
1.147618630425445296e+01,1.328546676416883843e+00
1.148281618551498084e+01,1.358360273299199950e+00
1.148944161146429543e+01,1.405212417828561877e+00
1.149606258210239851e+01,1.430112686330721639e+00
1.150267909742928829e+01,1.450875275259032149e+00
1.150929115744496478e+01,1.432489851441178574e+00
1.151589876214943153e+01,1.479481296686164127e+00
1.152250191154268322e+01,1.489806343207719097e+00
1.152910060562472339e+01,1.519985579476069715e+00
1.153569484439555204e+01,1.523572807781100380e+00
1.154228462785516740e+01,1.542532196800063593e+00
1.154886995600357125e+01,1.510741816007691307e+00
1.155545082884076180e+01,1.550549836664908421e+00
1.156202724636673906e+01,1.590804874151874992e+00
1.156859920858150481e+01,1.588796413542384878e+00
1.157516671548505904e+01,1.527670129411803801e+00
1.158172976707739998e+01,1.610114162586313569e+00
1.158828836335852763e+01,1.506788825533734943e+00
1.159484250432844377e+01,1.613473601800070822e+00
1.160139218998714838e+01,1.599672138798397647e+00
1.160793742033463971e+01,1.627761249628650209e+00
1.161447819537091952e+01,1.605582739587818830e+00
1.162101451509598604e+01,1.654223545616154700e+00
1.162754637950983927e+01,1.642124738008099438e+00
1.163407378861248276e+01,1.639752773502013428e+00
1.164059674240391118e+01,1.636493759922855062e+00
1.164711524088412808e+01,1.678175390282362178e+00
1.165362928405313347e+01,1.672597410433411591e+00
1.166013887191092380e+01,1.699008704688301119e+00
1.166664400445750438e+01,1.665173633678909804e+00
1.167314468169287167e+01,1.714911408146949201e+00
1.167964090361702745e+01,1.721886543038484874e+00
1.168613267022996993e+01,1.788203792831871253e+00
1.169261998153170090e+01,1.800911362492039869e+00
1.169910283752221680e+01,1.842665160584884498e+00
1.170558123820152296e+01,1.865324712764360848e+00
1.171205518356961761e+01,1.863237605325725577e+00
1.171852467362649719e+01,1.878231840753665782e+00
1.172498970837216525e+01,1.888316209924412403e+00
1.173145028780662180e+01,1.914048602397218302e+00
1.173790641192986328e+01,1.936770014451985489e+00
1.174435808074189502e+01,1.897277877377753663e+00
1.175080529424271347e+01,1.894955717413739027e+00
1.175724805243232041e+01,1.866988088901695431e+00
1.176368635531071227e+01,1.976175457316556194e+00
1.177012020287789440e+01,1.964630454980390128e+00
1.177654959513386324e+01,1.969694168578532967e+00
1.178297453207862056e+01,1.903229439874376538e+00
1.178939501371216458e+01,1.933441531764297894e+00
1.179581104003449710e+01,1.845391989024826263e+00
1.180222261104561632e+01,1.983975441269023587e+00
1.180862972674552402e+01,1.979285712579843537e+00
1.181503238713421844e+01,2.022760866078673558e+00
1.182143059221169956e+01,1.935738513688799234e+00
1.182782434197796917e+01,1.961608105930240153e+00
1.183421363643302726e+01,1.933569400512379355e+00
1.184059847557687206e+01,1.970229566259443565e+00
1.184697885940950535e+01,1.944259014284304588e+00
1.185335478793092534e+01,1.997064467895249606e+00
1.185972626114113204e+01,1.976996720200183910e+00
1.186609327904012723e+01,1.981219795899378910e+00
1.187245584162791090e+01,1.965618529786065771e+00
1.187881394890448128e+01,1.977093814682671757e+00
1.188516760086984014e+01,2.015539725127581505e+00
1.189151679752398572e+01,2.019443925538461304e+00
1.189786153886691800e+01,2.007108091249091952e+00
1.190420182489863876e+01,2.061353511822059392e+00
1.191053765561914801e+01,2.022382801278134412e+00
1.191686903102844397e+01,2.070306647947986356e+00
1.192319595112652841e+01,2.069545458872279475e+00
1.192951841591339956e+01,2.120925697232270757e+00
1.193583642538905920e+01,2.102357546255391174e+00
1.194214997955350377e+01,2.109709968506706446e+00
1.194845907840673860e+01,2.114843407555740740e+00
1.195476372194876191e+01,2.103081688627768564e+00
1.196106391017957016e+01,2.107409642561614671e+00
1.196735964309916689e+01,2.118357173472406263e+00
1.197365092070755210e+01,2.144516639761657739e+00
1.197993774300472403e+01,2.174945887295636204e+00
1.198622010999068266e+01,2.107139125815699732e+00
1.199249802166543155e+01,2.154067982355424515e+00
1.199877147802896715e+01,2.076709271797912759e+00
1.200504047908128769e+01,2.209468003119176682e+00
1.201130502482239848e+01,2.245333194684610234e+00
1.201756511525229598e+01,2.297406953986283806e+00
1.202382075037098197e+01,2.245619484647550568e+00
1.203007193017845466e+01,2.242261645444393103e+00
1.203631865467471584e+01,2.243170477857099332e+00
1.204256092385976373e+01,2.266189518715842510e+00
1.204879873773359833e+01,2.246003811729009758e+00
1.205503209629622141e+01,2.346211587489003492e+00
1.206126099954763298e+01,2.354062241633207098e+00
1.206748544748783125e+01,2.395199462766704812e+00
1.207370544011681623e+01,2.368146574411847283e+00
1.207992097743458970e+01,2.396516370596122769e+00
1.208613205944115165e+01,2.363667419071696862e+00
1.209233868613650209e+01,2.381433529066536714e+00
1.209854085752063746e+01,2.436236808171593715e+00
1.210473857359356131e+01,2.485747506410751040e+00
1.211093183435527365e+01,2.500688080700186333e+00
1.211712063980577270e+01,2.541383462943106242e+00
1.212330498994506023e+01,2.481526219807159706e+00
1.212948488477313269e+01,2.471054567310842831e+00
1.213566032428999719e+01,2.450525923491976066e+00
1.214183130849564485e+01,2.519866896836222114e+00
1.214799783739008276e+01,2.499806398989100398e+00
1.215415991097330739e+01,2.532412836580326676e+00
1.216031752924532050e+01,2.491399361618913844e+00
1.216647069220612032e+01,2.444270190455788416e+00
1.217261939985570685e+01,2.532667737539697317e+00
1.217876365219408363e+01,2.468160875468030646e+00
1.218490344922124535e+01,2.471968286675618298e+00
1.219103879093719556e+01,2.542094369013618405e+00
1.219716967734193425e+01,2.438552858050972105e+00
1.220329610843545964e+01,2.584142787673829655e+00
1.220941808421777353e+01,2.525041877473332530e+00
1.221553560468887412e+01,2.511430509859718274e+00
1.222164866984876141e+01,2.492890385501435713e+00
1.222775727969743897e+01,2.581779439548831601e+00
1.223386143423490147e+01,2.600514190008219817e+00
1.223996113346115422e+01,2.676301407121591147e+00
1.224605637737619190e+01,2.655090694314756750e+00
1.225214716598001807e+01,2.655979714059132135e+00
1.225823349927263273e+01,2.601125355537030170e+00
1.226431537725403409e+01,2.673136692618098387e+00
1.227039279992422394e+01,2.714244641627362675e+00
1.227646576728320049e+01,2.760422632856817771e+00
1.228253427933096376e+01,2.848692830055577385e+00
1.228859833606751728e+01,2.854682324865058352e+00
1.229465793749285574e+01,2.806062340240334407e+00
1.230071308360698268e+01,2.798260721607820578e+00
1.230676377440989810e+01,2.799493484187468795e+00
1.231281000990160024e+01,2.882430938209716853e+00
1.231885179008208908e+01,2.852989361764522780e+00
1.232488911495136819e+01,2.873210073548376542e+00
1.233092198450943400e+01,2.867827695735654103e+00
1.233695039875628652e+01,2.837297995703658593e+00
1.234297435769192575e+01,2.757100088391975845e+00
1.234899386131635524e+01,2.820134410394842028e+00
1.235500890962956966e+01,2.847491220886452901e+00
1.236101950263157256e+01,2.901373744061753968e+00
1.236702564032236396e+01,2.895017708585043259e+00
1.237302732270194205e+01,2.884749687258761686e+00
1.237902454977030686e+01,2.786834435512546726e+00
1.238501732152746193e+01,2.788931016631722049e+00
1.239100563797340193e+01,2.658955237202844213e+00
1.239698949910813219e+01,2.877303085668028171e+00
1.240296890493164739e+01,2.916829124028163189e+00
1.240894385544395284e+01,2.922285017088980474e+00
1.241491435064504323e+01,2.909435408911899223e+00
1.242088039053492388e+01,2.941241236756403588e+00
1.242684197511358946e+01,2.906631327219078464e+00
1.243279910438104352e+01,2.950819240223670370e+00
1.243875177833728607e+01,2.921918308528872021e+00
1.244469999698231533e+01,2.935171379704517136e+00
1.245064376031613307e+01,2.942003547868056401e+00
1.245658306833873752e+01,2.949980866063699469e+00
1.246251792105013045e+01,2.864407397340562600e+00
1.246844831845030832e+01,2.867770256527945261e+00
1.247437426053927645e+01,2.824684201737135858e+00
1.248029574731703129e+01,2.921217118509544797e+00
1.248621277878357461e+01,2.860895264804911964e+00
1.249212535493890464e+01,2.862709601344195054e+00
1.249803347578302315e+01,2.898267636475758913e+00
1.250393714131592837e+01,2.912782076732745473e+00
1.250983635153762208e+01,2.852049461682642839e+00
1.251573110644810249e+01,2.790070934286946969e+00
1.252162140604737139e+01,2.715677168749207393e+00
1.252750725033542700e+01,2.698983994054836799e+00
1.253338863931227110e+01,2.681098071348649192e+00
1.253926557297790190e+01,2.630340053954840052e+00
1.254513805133231941e+01,2.570930123362137110e+00
1.255100607437552540e+01,2.552038929589410365e+00
1.255686964210751988e+01,2.541334441094868168e+00
1.256272875452830284e+01,2.559509866125456945e+00
1.256858341163787074e+01,2.546150636451668614e+00
1.257443361343622712e+01,2.575184023001039879e+00
1.258027935992337021e+01,2.577767655992726059e+00
1.258612065109930356e+01,2.642058845339608997e+00
1.259195748696402362e+01,2.631842898751809212e+00
1.259778986751752861e+01,2.621684140284085363e+00
1.260361779275982563e+01,2.539727510807695321e+00
1.260944126269090582e+01,2.509624808576687460e+00
1.261526027731077804e+01,2.528400380843012218e+00
1.262107483661943341e+01,2.583652054562927791e+00
1.262688494061687905e+01,2.579391377220737969e+00
1.263269058930311139e+01,2.594794423160300845e+00
1.263849178267813222e+01,2.579349089565984521e+00
1.264428852074193976e+01,2.576572111682446486e+00
1.265008080349453579e+01,2.530046467572940827e+00
1.265586863093591852e+01,2.590014301984209233e+00
1.266165200306608973e+01,2.671656617180360627e+00
1.266743091988504766e+01,2.805955677223862743e+00
1.267320538139279229e+01,2.927322305281216508e+00
1.267897538758932718e+01,3.014619409769967007e+00
1.268474093847464879e+01,3.052596089197403995e+00
1.269050203404875710e+01,3.132677489455850672e+00
1.269625867431165211e+01,3.031795715770023492e+00
1.270201085926333562e+01,2.999604812313169333e+00
1.270775858890380761e+01,2.964942871948001990e+00
1.271350186323306630e+01,3.001189035070518596e+00
1.271924068225111348e+01,3.030688835406116333e+00
1.272497504595794737e+01,3.065845879960818365e+00
1.273070495435356975e+01,3.015915587880032778e+00
1.273643040743797883e+01,3.035481080726011083e+00
1.274215140521117640e+01,3.048340239427566711e+00
1.274786794767316067e+01,2.952829386416548019e+00
1.275358003482393343e+01,2.878633659235553921e+00
1.275928766666349290e+01,2.847047446055060771e+00
1.276499084319184085e+01,2.766815619563559814e+00
1.277068956440897551e+01,2.915014314667925266e+00
1.277638383031489688e+01,2.960108818768055539e+00
1.278207364090960674e+01,3.057905850501617451e+00
1.278775899619310685e+01,3.006987888319274216e+00
1.279343989616539190e+01,3.031528585692977451e+00
1.279911634082646366e+01,2.984217540513406153e+00
1.280478833017632390e+01,2.991853683398637553e+00
1.281045586421497262e+01,2.920107049963715617e+00
1.281611894294240805e+01,2.954522065478434545e+00
1.282177756635863197e+01,2.961760486438722584e+00
1.282743173446364260e+01,3.019601041793090968e+00
1.283308144725744171e+01,2.975073789149063952e+00
1.283872670474002753e+01,2.882051314345690063e+00
1.284436750691140183e+01,2.748052546328568990e+00
1.285000385377156285e+01,2.774974015236932878e+00
1.285563574532051057e+01,2.846127269482121136e+00
1.286126318155824855e+01,2.839896195916161492e+00
1.286688616248477146e+01,2.863683365030600836e+00
1.287250468810008464e+01,2.914262252603112113e+00
1.287811875840418452e+01,2.848046021467532274e+00
1.288372837339706933e+01,2.765851688480128523e+00
1.288933353307874441e+01,2.683961417439482577e+00
1.289493423744920797e+01,2.665878607814716972e+00
1.290053048650845646e+01,2.715754422707900240e+00
1.290612228025649344e+01,2.754763391716034349e+00
1.291170961869331890e+01,2.760788963626525483e+00
1.291729250181893285e+01,2.809820144483503590e+00
1.292287092963333350e+01,2.800248748664315279e+00
1.292844490213651909e+01,2.768148701335372941e+00
1.293401441932849494e+01,2.731419540846113048e+00
1.293957948120925749e+01,2.731488649676173441e+00
1.294514008777880854e+01,2.761029965310356271e+00
1.295069623903714628e+01,2.820232257310027357e+00
1.295624793498427252e+01,2.750290878414708651e+00
1.296179517562018546e+01,2.796085158961885586e+00
1.296733796094488689e+01,2.776019193239942062e+00
1.297287629095837502e+01,2.709673932214193393e+00
1.297841016566064987e+01,2.699642030642968038e+00
1.298393958505171497e+01,2.713971090248847418e+00
1.298946454913156678e+01,2.680951927907614607e+00
1.299498505790020531e+01,2.650689293731323115e+00
1.300050111135763231e+01,2.640479977752095753e+00
1.300601270950384603e+01,2.684946318655076603e+00
1.301151985233884822e+01,2.734635130826934990e+00
1.301702253986263713e+01,2.705886629281284428e+00
1.302252077207521275e+01,2.697436418354659970e+00
1.302801454897657685e+01,2.685589051871692945e+00
1.303350387056673121e+01,2.672195279615615426e+00
1.303898873684566873e+01,2.711178992044573466e+00
1.304446914781339828e+01,2.684365287011831303e+00
1.304994510346991277e+01,2.740353376995598111e+00
1.305541660381521396e+01,2.754449255947590380e+00
1.306088364884930542e+01,2.827633886844136857e+00
1.306634623857218180e+01,2.743062830781732853e+00
1.307180437298384668e+01,2.739128594157854479e+00
1.307725805208430181e+01,2.701951426934178446e+00
1.308270727587354010e+01,2.632573637738744310e+00
1.308815204435156865e+01,2.532461193929476106e+00
1.309359235751838391e+01,2.598774321296132062e+00
1.309902821537398765e+01,2.548156619184375860e+00
1.310445961791837988e+01,2.538252514359774281e+00
1.310988656515155704e+01,2.521697465223254664e+00
1.311530905707352268e+01,2.549418331657862247e+00
1.312072709368427681e+01,2.548607048648897866e+00
1.312614067498381765e+01,2.439331707054234855e+00
1.313154980097214697e+01,2.371475070010655717e+00
1.313695447164926300e+01,2.370702959365157625e+00
1.314235468701516751e+01,2.402806498466651952e+00
1.314775044706985874e+01,2.451855072468618335e+00
1.315314175181333844e+01,2.357822367918382955e+00
1.315852860124560486e+01,2.366416338070371328e+00
1.316391099536665976e+01,2.315310088400064803e+00
1.316928893417650137e+01,2.221422602516045508e+00
1.317466241767513146e+01,2.250659643931011811e+00
1.318003144586254827e+01,2.211408954051065745e+00
1.318539601873875355e+01,2.145448863267619188e+00
1.319075613630374555e+01,2.081998344686413649e+00
1.319611179855752425e+01,2.065032362847480929e+00
